Supplementary_Data/FB_x64/TestFarsite/SampleData/Outputs/test_SpreadRate.asc
NCOLS 401
NROWS 476
XLLCORNER -5994.000000
YLLCORNER -7142.000000
CELLSIZE 30.000000
NODATA_VALUE -9999.0
[rows 224 to 255 of 476, columns 72 to 143 of 401]
00.49 00.33 00.40 00.28 00.44 00.45 00.41 00.40 00.54 00.44 00.34 00.58 01.91 01.56 00.30 00.44 00.56 00.64 00.82 01.67 01.98 02.17 06.42 01.25 00.34 00.49 00.52 00.70 00.42 00.35 00.17 00.30 00.09 00.05 00.07 00.11 00.34 00.33 00.15 00.16 00.65 00.30 00.28 00.28 00.57 00.79 00.65 02.12 02.91 02.71 01.23 00.15 00.08 00.88 00.90 00.99 01.06 01.31 01.63 01.80 02.03 01.21 01.49 02.23 02.18 03.96 03.38 03.00 02.56 01.43 01.35 01.49
00.42 00.40 00.34 00.39 00.41 00.41 01.08 00.68 00.56 00.61 00.70 00.38 02.25 02.21 00.28 00.46 00.52 01.12 02.06 01.69 01.58 00.77 02.99 00.50 00.24 00.54 00.60 00.80 00.49 00.35 00.16 00.14 00.14 00.24 00.42 00.30 00.26 00.44 00.53 00.16 00.12 00.18 00.16 00.15 00.57 00.43 01.35 02.14 02.17 01.92 01.42 00.39 00.11 00.67 00.79 00.94 00.94 00.95 01.35 01.65 02.18 01.13 01.67 02.12 02.62 04.59 02.68 01.98 02.39 01.96 01.49 01.66
00.37 00.32 00.31 00.36 00.36 00.40 00.83 01.85 01.05 01.15 00.34 01.95 02.29 02.21 00.60 00.52 00.46 01.18 00.90 00.78 00.81 00.74 00.59 00.29 00.45 00.52 00.31 00.50 00.51 00.30 00.30 00.16 00.39 00.32 00.38 00.31 00.27 00.50 00.51 00.45 00.32 00.22 00.09 00.17 00.08 00.16 01.16 01.96 02.98 01.92 01.41 00.84 01.06 00.18 00.19 00.75 00.79 00.81 01.02 01.71 01.59 00.93 01.54 02.19 03.17 07.90 02.72 01.58 02.57 02.76 01.51 01.44
00.31 00.27 00.28 00.30 00.29 00.67 00.76 01.44 01.19 00.46 00.51 01.84 01.69 01.84 02.62 02.10 02.35 00.64 00.74 00.77 00.62 00.60 00.44 00.27 00.18 00.29 00.50 00.33 00.54 00.30 00.21 00.33 00.34 00.42 00.36 00.31 00.46 00.56 01.06 00.98 00.44 00.47 00.43 00.09 00.10 00.07 01.61 02.48 01.90 01.11 01.07 01.65 01.15 01.79 00.60 00.54 00.20 00.20 00.14 01.99 00.73 00.32 01.30 02.81 06.43 04.32 02.37 01.38 00.87 00.67 00.84 01.34
00.26 00.24 00.24 00.24 00.25 00.26 00.36 00.70 00.73 01.07 00.60 01.96 00.85 01.33 02.49 02.44 00.83 00.42 00.57 00.78 00.57 00.41 00.31 00.14 00.20 00.51 00.36 00.52 00.51 00.38 00.21 00.34 00.35 00.50 00.41 00.34 00.47 00.50 00.54 00.55 00.49 00.46 00.43 00.27 00.19 00.12 01.59 02.25 01.40 00.37 01.50 01.77 00.95 01.34 00.95 00.47 00.35 00.66 00.17 01.90 00.52 00.19 01.13 02.13 02.47 02.36 01.30 01.22 01.13 02.05 00.81 00.44
00.57 00.39 00.31 00.31 00.29 00.39 00.25 00.30 00.39 00.78 01.29 01.73 00.96 00.74 00.74 01.66 00.65 00.33 00.39 00.48 00.37 00.28 00.07 00.10 00.62 00.50 00.35 00.47 00.46 00.36 00.21 00.34 00.36 00.48 00.44 00.31 00.56 00.58 00.57 00.52 00.49 00.45 00.49 00.54 00.51 00.19 00.83 01.04 00.28 00.19 01.17 02.06 02.53 00.91 01.25 00.78 01.13 00.94 01.44 01.63 00.75 00.93 00.47 02.42 01.96 01.12 01.39 00.73 00.64 02.23 01.80 00.30
00.50 00.61 00.35 00.35 00.36 00.41 01.06 00.28 00.20 00.31 01.20 01.61 01.14 02.51 00.76 00.71 00.92 02.27 00.38 00.27 00.23 00.14 00.09 00.15 00.31 00.35 00.38 00.40 00.39 00.29 00.20 00.34 00.32 00.45 00.50 00.40 00.59 00.56 00.52 00.48 00.44 00.43 00.48 00.53 00.57 00.58 00.55 00.64 00.11 00.22 01.47 02.17 02.34 00.77 00.55 00.44 00.84 01.09 01.36 01.54 01.62 01.79 01.91 02.15 02.58 00.33 00.63 00.33 00.13 03.06 04.03 00.24
00.53 00.59 00.32 00.34 00.41 00.37 00.44 00.42 00.25 00.26 00.90 01.50 02.26 02.83 02.56 00.64 00.70 01.37 00.35 00.22 00.08 00.07 00.09 00.25 00.25 00.27 00.30 00.30 00.22 00.20 00.29 00.28 00.40 00.68 00.62 00.38 00.50 00.56 00.55 00.41 00.38 00.44 00.45 00.61 00.58 00.55 00.51 00.21 00.17 00.41 01.76 01.31 01.67 01.89 01.94 00.42 00.37 00.66 01.36 01.47 01.30 01.79 02.08 01.49 02.53 01.00 00.21 00.27 00.20 04.59 07.20 00.72
00.49 00.50 00.55 00.32 00.38 00.38 00.40 00.36 00.35 00.36 00.61 00.84 02.82 03.01 02.77 00.65 00.90 01.96 00.34 00.28 00.15 00.18 00.24 00.22 00.23 00.23 00.22 00.20 00.25 00.27 00.52 00.42 00.57 00.61 00.67 00.62 00.42 00.50 00.48 00.42 00.39 00.41 00.47 00.67 00.61 00.55 00.51 00.52 00.17 00.21 00.33 00.70 01.69 01.03 00.59 01.17 01.30 00.32 01.05 01.30 01.62 01.81 02.37 01.17 01.62 00.77 00.54 00.40 00.51 04.77 06.78 00.35
00.48 00.50 00.54 00.36 00.37 00.39 00.38 00.29 00.38 00.47 00.54 02.22 03.14 03.08 02.84 00.78 01.26 01.38 00.42 00.26 00.15 00.29 00.36 00.21 00.21 00.22 00.38 00.85 00.53 00.52 00.51 00.50 00.76 00.67 00.63 00.65 00.41 00.48 00.54 00.59 00.59 00.46 00.41 00.71 00.67 00.57 00.50 00.51 00.55 00.26 00.21 00.18 00.32 00.58 00.83 01.41 00.54 00.37 01.14 01.09 01.49 01.72 02.49 00.95 01.30 02.51 00.64 00.70 01.54 00.65 00.38 00.90
00.40 00.49 01.69 00.52 00.43 00.37 00.36 00.25 00.36 00.64 00.72 01.82 02.67 03.57 02.63 02.05 00.85 00.87 00.55 00.62 00.66 00.65 00.33 00.25 00.34 00.81 00.56 00.89 00.63 01.41 01.18 00.43 01.48 00.59 00.59 00.59 00.44 00.44 01.42 00.77 00.73 00.54 00.46 00.65 00.64 00.63 00.56 00.51 00.50 00.50 00.60 00.18 00.20 00.53 01.23 00.83 00.81 00.76 00.81 01.30 01.40 02.10 02.39 02.66 02.27 02.17 00.54 00.98 01.69 00.80 01.33 00.58
00.39 00.52 00.59 00.68 00.47 00.39 00.38 00.26 00.32 00.99 01.41 01.18 02.74 02.27 01.41 02.46 01.78 00.67 00.58 01.79 00.66 00.55 00.32 00.24 00.50 00.42 00.38 01.27 00.66 01.37 00.73 00.61 00.66 00.58 00.82 01.37 00.47 00.49 01.91 02.08 02.19 01.98 00.47 00.67 00.67 00.69 00.65 00.55 00.54 00.48 00.45 00.56 00.27 01.93 00.21 00.47 00.47 00.40 00.38 01.20 01.42 02.01 02.12 02.11 01.92 01.83 00.49 00.29 01.16 01.17 01.66 00.67
00.38 00.44 00.62 00.72 00.52 00.39 00.38 00.27 00.29 00.47 00.49 00.68 01.73 01.34 00.84 00.99 02.27 00.67 00.64 01.06 01.59 00.45 00.26 00.36 00.46 00.36 00.67 01.07 00.63 00.55 00.47 00.63 00.57 01.40 01.10 00.65 00.67 00.63 02.37 02.50 01.55 02.70 00.52 00.60 00.62 00.64 00.62 00.58 00.55 00.52 00.43 00.54 00.37 00.64 00.64 00.22 00.20 01.12 00.58 01.11 01.34 01.95 02.04 01.87 01.36 00.96 00.66 00.57 00.86 01.06 01.26 01.00
00.36 00.39 00.58 00.62 00.60 00.40 00.39 00.28 00.31 00.35 00.49 02.92 00.69 00.90 00.80 00.79 00.76 00.68 00.77 02.12 00.58 00.39 00.33 00.32 00.31 00.27 01.13 00.85 00.53 00.42 00.55 01.11 00.79 01.11 00.82 01.47 00.66 01.41 02.27 02.08 00.99 01.70 00.91 00.58 00.61 00.56 00.53 00.43 00.47 00.49 00.42 00.50 00.69 00.66 00.60 00.56 00.95 01.00 00.99 00.93 01.12 01.56 01.90 02.45 03.55 00.95 00.74 01.76 00.91 00.99 00.96 00.72
00.35 00.40 00.58 00.57 00.60 00.60 00.43 00.27 00.31 00.37 02.09 02.48 01.87 01.85 01.79 00.67 00.71 00.71 00.69 00.57 00.44 00.52 00.36 00.37 00.53 00.27 01.40 01.42 00.76 01.08 00.40 00.40 00.75 00.48 00.43 00.59 00.61 01.41 02.37 01.83 01.29 02.12 01.50 00.71 00.56 00.55 00.48 00.44 00.38 00.42 00.40 00.42 01.71 00.68 00.60 00.46 00.31 00.56 00.82 00.41 00.85 00.72 02.30 02.83 03.03 02.27 03.41 01.44 01.93 01.36 00.50 00.40
00.33 00.40 00.48 00.54 00.46 00.47 00.37 00.30 00.29 00.34 01.93 01.93 01.53 02.16 01.25 00.83 00.72 00.70 00.67 00.58 00.57 00.55 00.55 00.93 00.76 00.28 01.17 01.10 00.52 00.51 00.58 01.33 00.35 00.45 00.41 00.45 02.16 02.32 01.28 00.75 01.22 01.07 01.78 00.89 01.10 00.49 00.48 00.68 00.34 00.25 00.40 00.50 00.56 00.80 00.63 00.61 00.59 00.28 00.29 00.30 00.31 00.19 02.33 01.60 01.06 04.95 02.53 00.96 01.67 00.80 00.44 00.40
00.30 00.35 00.39 00.42 00.36 00.40 00.37 00.32 00.35 00.33 01.58 02.37 01.84 01.83 02.00 01.51 00.85 00.72 00.61 00.65 00.60 00.59 00.55 00.43 00.31 00.30 01.60 01.14 02.49 00.67 00.53 00.51 00.44 00.41 00.50 00.42 01.97 01.55 00.74 00.75 00.66 00.59 00.92 01.45 01.07 01.03 00.54 01.99 00.44 00.22 00.32 00.54 00.54 00.53 00.59 00.52 00.43 00.16 00.17 00.20 00.25 00.53 00.54 00.58 00.61 00.28 00.25 00.51 01.68 00.41 00.42 00.72
00.27 00.32 00.33 00.37 00.37 00.63 00.46 00.43 00.36 00.35 01.51 02.31 01.57 01.58 05.19 05.15 02.89 02.05 00.63 00.67 00.62 00.58 00.52 00.50 00.44 00.30 01.19 02.02 01.41 01.75 00.83 00.50 00.46 00.38 00.54 00.39 01.77 00.67 00.66 00.62 00.65 00.63 00.59 00.53 00.52 00.53 00.66 01.00 00.39 00.21 00.49 00.52 00.51 00.51 00.51 00.47 00.27 00.49 00.42 00.39 00.56 00.52 00.55 00.55 00.55 00.55 00.64 00.41 00.37 00.37 00.40 01.16
00.45 00.30 00.31 00.31 00.76 00.39 00.46 00.48 00.37 00.42 01.84 04.70 01.49 01.53 02.07 02.78 02.63 01.14 00.83 00.67 00.60 00.54 00.47 00.66 00.65 00.45 00.79 01.46 01.02 00.76 00.75 00.68 00.44 00.42 00.43 00.40 00.76 00.66 00.52 00.58 00.59 00.55 00.62 00.58 00.60 00.60 01.85 01.32 00.23 00.41 00.40 00.32 00.48 00.52 00.52 00.41 00.47 00.80 00.94 01.05 00.37 00.42 00.56 00.45 00.42 00.39 00.53 01.29 00.33 00.26 00.45 00.67
00.39 00.13 00.29 00.30 00.36 00.36 00.60 01.33 00.39 00.80 01.70 01.79 02.06 01.84 03.93 02.89 01.82 00.77 00.79 00.61 00.59 00.54 00.69 00.68 00.68 00.65 00.59 00.62 00.67 00.74 01.45 00.60 00.40 00.45 00.34 00.57 00.49 00.41 00.48 00.58 02.37 01.10 00.98 00.68 00.62 01.34 02.12 00.45 00.41 00.43 00.41 00.38 00.28 00.52 00.41 00.33 00.76 00.96 01.01 01.29 01.35 00.48 00.44 00.43 00.44 00.44 00.36 00.46 00.48 00.39 00.36 00.35
00.28 00.19 00.25 00.32 00.24 00.30 01.06 00.49 00.51 01.24 02.37 01.75 02.02 01.71 05.90 03.16 02.59 02.21 00.66 00.54 00.54 00.72 00.71 00.74 00.65 00.65 00.59 00.60 00.69 00.74 00.55 00.56 00.58 00.35 00.37 00.41 00.45 00.37 00.43 01.94 01.86 00.67 00.58 00.68 00.68 01.27 01.08 01.25 00.62 01.52 02.02 00.40 00.32 00.61 00.39 00.40 00.47 00.99 00.91 01.14 01.38 01.00 00.48 00.48 00.50 00.46 00.41 00.34 00.33 00.12 00.30 00.64
00.43 00.35 00.23 00.33 00.23 00.28 00.55 00.82 01.06 02.13 01.55 01.75 01.82 01.06 02.99 03.29 01.39 02.42 00.54 00.56 00.82 00.76 00.70 00.71 00.69 00.54 00.54 00.65 00.67 00.71 00.61 00.55 00.48 00.52 00.35 00.40 00.40 00.36 00.43 00.90 01.54 00.46 01.75 01.02 02.35 00.62 00.60 00.63 00.69 00.94 02.19 00.89 00.24 00.32 00.52 00.50 00.46 01.02 00.53 00.84 00.55 00.52 00.62 00.63 00.71 00.87 00.52 00.35 00.39 00.42 00.24 00.25
00.38 00.40 00.22 00.21 00.22 00.26 00.91 00.95 00.98 01.21 01.53 01.40 02.02 05.37 02.86 03.29 07.90 08.30 00.58 00.70 00.71 00.77 00.78 00.71 00.68 00.64 00.57 00.65 01.80 00.67 00.67 00.62 00.51 00.48 00.56 00.39 00.41 00.44 00.49 00.63 00.69 00.39 01.93 02.21 02.47 02.71 00.82 00.60 00.81 00.67 01.27 00.52 00.35 00.58 00.54 00.46 00.48 00.43 00.44 00.41 00.57 00.65 00.85 01.31 02.29 01.73 00.38 00.43 00.38 00.53 00.78 00.52
00.52 00.51 00.45 00.45 00.21 00.25 00.83 00.92 00.60 00.86 00.99 01.04 02.45 04.96 04.25 02.76 05.03 02.61 00.80 00.75 00.75 00.74 00.77 00.71 00.73 00.70 00.60 01.11 01.81 00.69 00.69 00.64 00.52 00.49 00.55 00.56 00.50 00.48 00.55 01.64 01.24 00.44 01.66 02.52 02.67 02.47 02.35 02.10 01.63 01.01 00.51 00.34 00.35 00.48 00.47 00.38 00.39 00.59 01.32 00.45 01.92 02.46 02.48 02.74 02.32 00.55 00.63 00.69 00.53 04.01 07.80 07.18
01.39 00.60 00.65 00.70 00.40 00.23 00.78 00.72 00.69 00.33 00.36 00.49 00.97 03.27 04.51 02.65 02.00 01.00 00.95 00.88 00.76 00.76 00.76 00.70 00.73 00.55 00.62 00.73 00.83 00.74 00.71 00.70 00.61 00.53 00.60 00.60 00.42 00.78 00.60 00.82 01.92 00.98 01.36 02.95 02.52 02.26 01.98 01.69 01.54 00.70 01.12 00.88 00.30 00.45 00.30 00.53 00.55 02.00 01.42 00.78 01.60 01.71 01.56 03.04 02.45 00.67 00.65 00.63 02.56 04.85 06.71 00.39
00.58 02.38 01.71 00.68 00.25 00.25 01.79 02.26 00.38 01.24 00.50 00.58 00.49 02.62 03.78 02.62 02.86 02.99 02.81 02.57 00.82 00.77 00.78 00.77 00.79 00.57 00.64 00.74 00.80 00.79 00.78 00.70 00.64 00.66 00.65 00.58 00.67 01.06 01.18 02.29 02.63 01.34 02.56 02.77 02.35 01.93 01.60 01.26 00.54 00.78 01.12 01.33 00.27 00.42 00.42 00.93 01.40 00.82 00.90 00.54 01.52 01.93 02.89 02.54 01.95 02.09 01.93 00.59 01.72 02.59 06.28 00.25
00.67 00.70 00.71 00.55 00.33 00.16 01.43 02.12 00.30 00.49 00.49 00.52 02.07 03.09 03.13 03.11 02.57 02.04 01.61 01.85 01.15 00.81 00.79 00.79 00.79 00.49 00.63 00.77 00.83 00.80 00.74 00.72 00.68 00.75 00.75 00.58 00.63 00.71 00.59 02.00 01.43 01.53 02.51 02.46 01.72 00.97 01.19 00.92 00.79 01.05 02.15 00.98 00.42 00.44 00.65 00.46 01.23 01.14 00.48 00.60 00.93 02.60 02.05 02.17 02.17 01.96 02.07 00.50 01.69 01.29 02.45 01.51
00.73 00.75 00.72 00.67 00.26 00.15 00.69 00.73 00.75 00.31 00.74 01.22 02.64 03.04 03.12 02.31 01.09 01.40 01.13 01.41 01.59 01.40 00.75 00.80 00.80 00.52 00.72 00.80 00.76 00.88 00.78 00.71 00.72 00.79 00.74 00.62 00.68 00.72 00.53 01.82 01.66 02.40 02.39 02.19 01.49 00.86 01.12 02.43 01.54 00.68 01.48 00.67 00.45 01.09 01.96 00.65 01.13 01.28 01.39 01.98 02.43 02.33 01.30 00.95 02.32 01.30 01.86 00.28 00.28 00.26 00.19 00.16
00.75 00.75 00.73 00.53 00.31 00.20 01.40 00.96 00.49 00.54 00.83 00.89 01.90 01.52 01.94 00.93 00.96 02.10 01.25 00.91 00.97 00.86 00.83 00.78 00.76 00.64 00.82 00.84 00.73 00.71 00.78 00.73 00.80 00.74 00.72 00.66 00.71 00.74 00.66 01.26 02.33 02.33 01.82 01.79 02.31 00.67 00.72 00.70 00.67 00.68 00.72 00.70 00.55 01.62 01.54 00.80 00.94 00.80 01.52 01.43 01.82 02.04 00.84 00.96 02.17 00.52 01.06 00.19 00.60 00.28 00.21 00.43
00.68 00.69 00.67 00.20 00.30 00.46 01.27 01.06 00.40 00.50 00.33 00.67 01.01 00.95 01.01 00.91 00.99 00.87 00.83 00.83 00.84 00.87 00.82 00.78 00.75 00.68 01.66 01.92 00.76 00.72 00.73 00.74 00.82 00.75 00.68 00.68 00.73 00.73 00.64 01.20 01.45 02.16 00.91 01.41 02.10 00.86 00.73 00.64 00.57 00.65 00.76 00.69 00.65 01.12 00.77 00.69 00.34 00.35 00.56 00.72 00.82 00.91 00.55 00.66 01.23 00.26 00.14 00.70 01.94 02.66 00.72 01.42
00.63 00.66 00.67 00.53 00.49 00.24 00.87 01.45 00.40 00.49 00.56 00.94 01.61 02.06 01.29 00.91 00.83 00.84 00.88 00.89 00.90 00.91 00.81 00.77 00.77 01.10 01.68 02.18 01.90 00.82 00.68 00.72 00.73 00.72 00.71 00.83 02.92 00.70 00.73 00.77 01.03 02.00 00.62 00.95 01.65 02.48 02.06 00.58 01.13 02.92 01.16 00.59 00.62 00.57 00.85 00.58 00.44 00.34 00.80 01.71 01.47 00.47 00.49 00.52 00.30 00.15 00.58 02.80 02.73 03.05 02.73 02.18
01.56 01.09 00.59 00.61 00.42 00.24 00.24 01.00 00.36 00.56 00.91 01.92 01.39 00.83 00.87 00.85 00.82 00.92 00.97 00.79 00.90 00.90 00.79 00.75 00.79 00.79 00.92 01.84 01.85 00.86 00.75 00.80 00.73 00.67 00.71 00.81 00.91 00.75 00.71 00.79 00.77 00.75 00.85 00.80 00.82 01.57 01.06 00.89 01.21 02.54 01.44 00.80 00.60 01.07 01.86 00.43 00.43 00.56 00.99 01.93 01.00 00.24 00.28 00.46 00.64 00.19 02.04 02.96 02.54 02.97 01.37 01.40
