Supplementary_Data/FB_x64/TestFarsite/SampleData/Outputs/test_SpreadDirection.asc
NCOLS 401
NROWS 476
XLLCORNER -5994.000000
YLLCORNER -7142.000000
CELLSIZE 30.000000
NODATA_VALUE -9999.0
[rows 304 to 341 of 476, columns 86 to 171 of 401]
-9999 -9999 -9999 -9999 -9999 -9999 -9999 -9999 -9999 -9999 -9999 -9999 -9999 -9999 -9999 -9999 -9999 -9999 -9999 -9999 -9999 -9999 -9999 -9999 -9999 -9999 -9999 -9999 -9999 138 160 160 154 141 115 088 094 113 125 121 353 085 089 107 110 098 349 101 051 069 070 070 071 077 006 004 004 016 023 023 044 046 048 098 096 110 075 058 095 089 090 091 034 032 057 056 063 063 065 065 098 065 061 045 043 033
-9999 -9999 -9999 -9999 -9999 -9999 -9999 -9999 -9999 -9999 -9999 -9999 -9999 -9999 -9999 -9999 -9999 -9999 -9999 -9999 -9999 -9999 -9999 -9999 -9999 -9999 -9999 -9999 -9999 102 081 203 141 145 142 139 137 136 353 353 119 144 056 048 081 097 049 052 061 067 070 070 070 010 009 004 013 013 022 039 041 043 102 097 097 016 075 089 095 113 113 352 035 034 057 063 063 066 066 100 063 065 046 047 045 055
-9999 -9999 -9999 -9999 -9999 -9999 -9999 -9999 -9999 -9999 -9999 -9999 -9999 -9999 -9999 -9999 -9999 -9999 -9999 -9999 -9999 -9999 -9999 -9999 -9999 -9999 -9999 -9999 087 068 081 069 106 171 171 140 119 046 097 068 067 063 060 081 081 114 048 049 059 066 069 071 348 012 004 004 040 040 065 035 112 104 112 009 012 078 080 089 085 085 091 040 037 059 061 063 064 099 100 062 062 074 044 046 050 053
-9999 -9999 -9999 -9999 -9999 -9999 -9999 -9999 -9999 -9999 -9999 -9999 -9999 -9999 -9999 -9999 -9999 -9999 -9999 -9999 -9999 -9999 -9999 -9999 -9999 -9999 -9999 081 087 068 099 108 106 063 065 123 160 350 101 068 068 113 079 081 033 031 048 060 061 065 027 023 350 009 006 056 055 087 093 121 107 050 065 003 081 079 087 086 085 085 005 044 062 061 060 101 100 059 061 062 078 075 061 048 049 085
-9999 -9999 -9999 -9999 -9999 -9999 -9999 -9999 -9999 -9999 -9999 -9999 -9999 -9999 -9999 -9999 -9999 -9999 -9999 -9999 -9999 -9999 -9999 -9999 -9999 -9999 -9999 131 146 109 099 104 088 062 110 144 340 101 101 120 115 112 128 071 071 066 049 058 117 110 033 358 358 018 018 063 071 087 107 033 034 002 002 087 082 089 088 099 101 003 056 060 062 062 104 101 023 060 060 083 079 092 005 049 086 085
-9999 -9999 -9999 -9999 -9999 -9999 -9999 -9999 -9999 -9999 -9999 -9999 -9999 -9999 -9999 -9999 -9999 -9999 -9999 -9999 -9999 -9999 -9999 -9999 -9999 -9999 147 162 171 171 098 104 088 110 114 353 353 101 106 120 130 044 044 045 101 093 135 123 115 015 038 047 032 039 107 110 069 085 107 109 112 003 114 088 089 101 099 099 000 000 060 056 105 104 103 052 059 059 086 084 094 070 344 110 086 096
-9999 -9999 -9999 -9999 -9999 -9999 -9999 -9999 -9999 -9999 -9999 -9999 -9999 -9999 -9999 -9999 -9999 -9999 -9999 -9999 -9999 -9999 -9999 -9999 -9999 -9999 091 077 189 167 168 165 055 051 058 013 106 131 136 085 071 072 044 113 107 136 139 081 002 002 109 069 047 127 113 109 108 085 102 121 064 125 095 103 100 101 101 015 015 090 076 106 105 000 051 053 057 089 089 074 077 077 093 122 100 115
-9999 -9999 -9999 -9999 -9999 -9999 -9999 -9999 -9999 -9999 -9999 -9999 -9999 -9999 -9999 -9999 -9999 -9999 -9999 -9999 -9999 -9999 -9999 -9999 183 177 091 076 059 038 134 113 095 060 060 092 131 141 122 085 069 127 118 113 097 096 083 084 044 024 109 144 127 155 153 153 149 129 128 128 125 119 104 102 100 111 019 010 013 086 109 112 007 077 054 094 090 089 073 073 076 062 071 093 113 096
-9999 -9999 -9999 -9999 -9999 -9999 -9999 -9999 -9999 -9999 -9999 -9999 -9999 -9999 -9999 -9999 -9999 -9999 -9999 -9999 -9999 -9999 -9999 159 149 115 168 155 140 134 124 123 120 091 060 115 120 120 181 173 147 135 147 129 116 106 083 084 058 125 156 147 165 167 175 172 153 153 160 141 164 153 129 104 091 068 042 120 130 114 112 007 007 079 097 094 109 073 074 057 061 062 098 099 098 096
-9999 -9999 -9999 -9999 -9999 -9999 -9999 -9999 -9999 -9999 -9999 -9999 -9999 -9999 -9999 -9999 -9999 -9999 -9999 -9999 181 198 168 167 128 115 145 152 077 098 126 150 151 148 141 139 143 144 344 023 009 009 178 175 116 140 143 139 123 099 112 083 050 061 050 120 109 079 041 110 201 189 111 092 091 081 126 105 116 113 034 017 086 084 103 109 083 072 056 057 061 098 098 101 101 100
-9999 -9999 -9999 -9999 -9999 -9999 -9999 -9999 -9999 -9999 -9999 -9999 -9999 -9999 -9999 -9999 -9999 -9999 -9999 083 243 238 165 162 150 168 168 151 154 129 126 183 149 142 116 089 082 080 015 015 124 109 133 177 022 095 064 141 140 112 106 084 079 134 150 144 153 145 116 075 185 185 156 128 110 132 160 108 358 359 072 095 114 122 024 089 105 336 055 056 101 098 099 102 136 069
-9999 -9999 -9999 -9999 -9999 -9999 -9999 -9999 -9999 -9999 -9999 -9999 -9999 -9999 -9999 -9999 -9999 -9999 076 077 058 251 170 170 130 108 083 154 149 122 079 096 201 126 116 073 082 081 047 124 117 113 067 123 131 023 097 109 132 141 143 139 124 138 048 173 173 128 100 067 068 102 135 116 098 101 111 041 036 098 075 099 049 095 092 089 355 062 090 100 123 158 011 006 335 055
-9999 -9999 -9999 -9999 -9999 -9999 -9999 -9999 -9999 -9999 -9999 -9999 -9999 -9999 -9999 -9999 -9999 -9999 098 082 080 229 189 162 152 150 144 142 142 202 132 132 185 185 172 158 141 147 137 134 134 095 045 037 027 115 098 118 048 053 136 106 062 055 057 088 062 178 178 174 152 140 159 181 174 101 054 044 110 098 110 086 098 095 101 001 001 063 090 135 028 024 015 005 001 028
-9999 -9999 -9999 -9999 -9999 -9999 -9999 -9999 -9999 -9999 -9999 -9999 -9999 -9999 -9999 -9999 -9999 -9999 098 099 087 107 177 168 193 179 142 145 148 177 132 135 182 182 187 149 142 175 182 182 119 095 062 045 117 110 117 100 129 152 168 170 077 135 088 090 045 083 080 093 090 072 054 036 118 096 063 125 106 106 110 107 098 100 053 025 099 120 104 043 014 003 004 054 047 030
-9999 -9999 -9999 -9999 -9999 -9999 -9999 -9999 -9999 -9999 -9999 -9999 -9999 -9999 -9999 -9999 -9999 -9999 116 116 112 098 109 070 049 209 179 171 147 147 186 181 138 185 194 188 116 264 217 175 175 158 147 135 124 090 089 109 074 078 093 184 181 114 107 090 114 125 130 117 090 072 067 119 113 121 131 130 132 129 131 140 138 110 075 117 101 119 099 076 032 022 023 076 073 125
-9999 -9999 -9999 -9999 -9999 -9999 -9999 -9999 -9999 -9999 -9999 -9999 -9999 -9999 -9999 -9999 -9999 -9999 096 098 098 107 110 036 035 112 112 170 171 152 000 354 174 196 206 162 179 264 196 192 191 149 148 117 060 090 108 118 126 111 141 219 177 176 176 153 121 130 149 157 151 118 110 095 123 111 178 178 134 148 142 132 130 129 120 119 114 152 346 351 061 041 103 085 110 153
-9999 -9999 -9999 -9999 -9999 -9999 -9999 -9999 -9999 -9999 -9999 -9999 -9999 -9999 -9999 -9999 -9999 -9999 148 144 096 076 102 127 115 110 089 070 011 013 021 009 350 004 018 012 072 211 204 201 188 148 139 097 074 134 133 132 145 106 110 228 181 181 168 168 160 132 201 190 153 157 154 105 125 102 072 045 160 141 196 176 130 131 150 355 043 007 005 105 127 129 138 137 098 038
-9999 -9999 -9999 -9999 -9999 -9999 -9999 -9999 -9999 -9999 -9999 -9999 -9999 -9999 -9999 175 132 134 144 122 096 112 127 135 128 089 089 072 064 073 047 008 356 000 064 036 078 305 213 188 188 188 133 172 176 137 150 179 179 109 353 015 208 189 158 149 178 178 204 202 186 150 136 109 132 151 139 140 122 085 202 172 213 196 082 045 054 043 116 118 153 156 179 179 094 057
-9999 -9999 -9999 -9999 -9999 -9999 -9999 -9999 -9999 -9999 -9999 -9999 192 144 144 183 183 144 163 159 150 135 136 165 152 136 104 087 073 064 047 013 013 115 085 117 125 269 241 162 166 178 178 353 023 009 016 066 040 341 352 046 020 023 029 002 002 002 038 177 176 177 196 188 135 153 168 172 114 087 063 331 190 189 179 157 139 111 114 114 123 122 107 168 156 138
-9999 -9999 -9999 -9999 -9999 -9999 -9999 -9999 -9999 -9999 214 130 122 144 144 123 194 156 151 146 161 161 135 108 057 114 104 103 073 064 064 048 133 114 143 126 106 269 145 109 066 062 037 039 084 059 111 080 000 014 013 048 014 018 086 009 009 013 035 022 018 042 347 007 037 172 172 166 163 352 018 009 060 035 018 157 154 136 114 113 146 087 111 117 196 152
134 179 184 177 221 225 141 136 182 184 184 139 132 128 142 107 090 196 148 148 148 172 172 167 162 147 173 173 163 138 137 143 159 160 154 164 271 172 172 147 115 076 128 098 121 109 111 017 016 027 048 050 042 106 089 009 028 021 016 056 095 070 339 028 024 064 060 295 340 349 059 098 076 121 119 172 172 134 122 062 055 087 023 021 099 094
155 101 185 176 225 221 159 159 159 061 177 153 175 165 163 110 153 192 192 155 156 188 188 178 169 169 158 173 173 136 143 117 120 166 171 177 221 206 183 135 138 134 118 108 137 117 072 050 070 046 048 120 125 131 028 043 042 031 095 100 094 031 020 022 112 079 083 306 345 086 086 103 129 112 107 105 073 121 102 133 131 096 123 110 103 104
111 154 156 184 220 220 195 194 167 155 155 155 092 191 155 154 162 168 053 113 050 101 192 188 212 196 128 103 064 043 040 030 120 115 082 197 195 197 189 178 164 165 166 179 126 110 100 075 050 137 123 127 039 004 045 045 119 107 115 100 098 067 045 115 090 088 086 003 003 086 086 102 159 148 146 099 075 065 132 156 120 127 152 155 154 140
130 142 000 056 054 197 197 192 170 170 157 158 151 150 184 155 197 151 125 101 105 101 063 211 209 185 185 103 080 060 141 121 119 347 050 042 042 031 203 162 163 172 153 189 189 189 100 150 137 131 093 058 054 035 043 127 114 134 150 145 131 135 130 153 151 121 112 023 103 112 119 103 127 126 164 163 161 161 160 167 159 123 183 161 162 133
106 059 112 055 049 027 202 185 170 170 178 161 161 149 148 152 233 192 192 101 105 122 125 140 190 186 186 165 155 139 143 076 358 057 059 041 083 063 047 127 104 218 201 108 227 171 170 154 137 125 124 103 065 119 123 155 155 141 139 131 159 134 096 079 205 109 107 108 103 135 148 146 145 124 122 018 163 000 196 187 160 101 048 167 169 155
106 112 120 124 129 123 058 160 134 174 174 176 161 161 169 169 185 185 174 174 167 146 146 168 267 217 167 168 126 100 102 052 049 056 058 124 098 151 127 140 140 046 178 178 230 160 195 189 126 139 151 149 113 122 142 008 008 056 035 032 072 073 062 034 022 111 146 132 134 063 058 043 055 056 053 116 004 043 060 048 028 127 138 081 187 340
193 112 124 129 128 101 059 116 116 106 058 058 062 092 201 202 174 174 212 147 142 140 148 148 238 218 174 174 149 142 096 060 052 126 124 060 002 168 171 339 029 047 028 028 219 156 156 185 184 177 177 146 122 085 037 030 068 066 058 097 084 073 065 121 113 089 094 121 079 079 063 047 051 102 101 354 002 042 035 041 079 033 023 079 345 077
218 184 175 162 158 154 119 116 010 110 109 132 146 037 034 085 207 183 183 150 151 152 144 099 256 234 185 164 130 174 161 150 142 131 106 116 062 045 029 108 134 107 058 125 127 134 139 173 168 199 195 130 116 102 062 114 069 122 111 097 087 118 117 140 154 092 104 111 074 086 077 148 108 100 040 023 099 063 103 102 021 034 033 023 086 081
229 171 131 078 192 148 124 101 121 109 109 316 357 013 089 085 108 174 175 168 152 139 139 141 221 195 188 189 113 099 160 152 157 113 115 088 062 062 105 134 141 140 129 126 129 143 149 154 136 190 235 206 117 121 117 123 124 128 130 138 130 106 112 090 181 179 131 164 172 146 145 145 108 091 063 127 111 111 107 029 021 097 057 120 093 357
177 177 169 176 176 195 114 121 117 086 013 007 007 106 089 096 107 350 102 094 044 181 141 137 258 221 185 175 170 121 047 020 182 160 157 159 135 103 106 054 051 105 167 152 130 126 196 136 120 241 240 203 200 127 143 159 137 152 153 174 176 109 108 092 092 037 187 141 189 166 167 154 151 146 136 112 113 109 088 060 112 095 061 071 054 024
163 166 214 200 170 183 183 128 117 086 057 020 020 106 097 094 013 013 085 068 045 068 082 278 264 233 186 186 152 151 085 152 128 106 071 100 109 099 061 052 124 125 150 123 134 137 233 211 125 104 243 177 177 141 139 174 176 121 086 057 036 070 070 081 086 086 083 018 033 033 040 023 080 093 142 143 143 145 133 122 138 065 061 102 102 093
170 170 238 213 181 181 189 170 170 166 071 139 119 104 093 084 044 107 085 125 122 084 072 275 202 191 190 167 175 175 157 158 141 144 142 154 167 170 157 128 128 135 144 151 100 096 128 173 187 116 214 211 143 136 131 106 205 185 089 155 125 082 108 087 083 081 060 047 031 091 059 099 081 103 012 011 021 090 088 068 061 106 105 102 094 116
074 251 215 217 163 221 215 162 162 155 139 145 145 104 119 130 120 145 119 156 014 154 140 230 214 206 177 148 124 206 159 168 168 166 171 123 198 168 168 167 128 134 150 114 175 175 147 212 153 290 239 197 203 164 168 130 120 167 167 132 132 127 099 090 087 069 064 124 110 115 111 099 117 087 058 100 086 090 082 110 103 105 104 092 095 078
258 220 207 208 141 138 217 178 174 159 162 146 147 128 124 152 116 117 136 134 126 154 158 136 211 209 147 118 119 181 166 166 188 187 169 173 118 184 184 149 140 157 157 155 042 192 188 053 295 278 170 138 205 202 135 118 135 178 178 149 115 190 163 160 154 135 124 127 113 117 115 121 127 121 109 099 131 127 119 108 104 105 134 138 133 129
222 221 226 197 140 145 084 200 178 178 175 174 169 167 142 162 169 140 152 151 135 144 181 248 224 198 137 123 142 093 038 350 001 097 059 027 010 201 207 130 113 028 356 075 090 341 033 037 252 218 187 102 193 220 197 135 144 217 187 126 106 108 116 196 190 143 156 129 129 136 154 158 126 126 126 131 131 137 140 135 130 134 141 141 131 132
255 236 223 187 177 177 177 052 167 160 176 175 183 150 135 139 173 168 151 151 153 356 081 259 202 193 175 151 167 093 054 039 112 090 057 069 038 098 199 117 090 020 023 075 346 037 036 036 255 190 196 148 134 056 181 181 234 189 188 157 152 151 142 187 187 199 157 160 138 150 191 155 154 153 143 159 159 146 149 158 131 130 134 138 135 143
253 248 203 202 165 211 205 147 144 162 173 178 189 190 140 139 229 141 100 126 137 098 089 090 211 202 156 157 187 188 160 160 160 090 065 118 111 108 090 007 090 083 084 101 350 037 040 072 076 213 172 138 141 136 185 186 220 184 182 168 168 154 153 100 215 216 175 176 176 167 193 182 175 177 212 203 149 165 172 218 173 172 138 137 149 151
213 208 207 196 156 113 194 147 120 110 141 040 187 184 184 166 250 156 118 147 156 158 125 092 088 080 158 158 201 216 204 165 153 148 125 101 099 042 040 034 023 083 086 346 355 037 037 070 079 087 077 030 141 046 036 038 191 191 192 155 138 100 015 -9999 -9999 -9999 -9999 -9999 -9999 -9999 -9999 206 214 208 209 209 129 117 098 243 162 196 189 140 146 149
