Supplementary_Data/FB_x64/TestFarsite/SampleData/Outputs/test_Intensity.asc
NCOLS 401
NROWS 476
XLLCORNER -5994.000000
YLLCORNER -7142.000000
CELLSIZE 30.000000
NODATA_VALUE -9999.0
[rows 280 to 307 of 476, columns 124 to 185 of 401]
00122.524 00121.592 00098.024 00085.395 00089.572 00061.127 00047.363 00038.726 00047.574 00054.730 00076.074 00074.934 00094.300 00084.827 00112.694 00117.842 00098.332 00084.125 00094.868 00088.689 00094.736 00085.921 00085.684 00089.369 00064.983 00036.612 00034.262 00032.251 00027.632 00037.391 00032.451 00014.902 00066.398 00084.172 00104.856 00100.795 00075.815 00065.960 00053.099 00044.159 00044.641 00042.330 00026.812 00026.489 00030.911 00022.931 00029.103 00019.414 00027.063 00026.134 00026.243 00039.003 00026.388 00029.529 00071.332 00045.597 00041.287 00036.168 00029.676 00056.428 00069.578 00012.250
00114.845 00112.252 00087.906 00084.129 00097.709 00077.988 00039.828 00059.014 00090.652 00088.861 00079.159 00080.254 00092.498 00110.363 00103.157 00101.169 00098.025 00086.504 00089.648 00086.810 00120.564 00108.642 00111.730 00081.271 00053.299 00031.847 00037.106 00044.294 00032.813 00033.666 00040.709 00027.735 00115.669 00084.740 00103.304 00088.233 00068.379 00055.757 00047.253 00038.789 00032.562 00019.261 00021.012 00021.554 00022.792 00025.329 00030.075 00025.123 00033.844 00039.210 00031.549 00034.805 00051.432 00058.659 00049.995 00015.369 00030.915 00032.805 00048.268 00069.236 00081.191 00012.726
00112.018 00111.185 00104.583 00092.428 00081.997 00040.434 00037.571 00061.573 00093.088 00085.098 00084.776 00082.250 00092.699 00128.804 00134.003 00117.973 00098.998 00101.799 00088.420 00081.824 00116.524 00083.639 00049.695 00043.514 00029.563 00035.376 00047.127 00062.497 00038.975 00043.602 00055.525 00086.017 00101.873 00076.243 00092.946 00063.434 00056.015 00045.268 00040.180 00025.836 00025.563 00033.502 00031.843 00033.490 00037.532 00017.516 00019.449 00041.892 00042.129 00049.182 00039.398 00032.469 00043.993 00042.985 00041.252 00053.874 00046.524 00066.894 00073.096 00059.903 00054.664 00075.412
00113.956 00113.239 00111.753 00108.902 00082.822 00053.927 00057.073 00056.242 00053.683 00077.073 00101.772 00094.937 00088.818 00105.643 00119.828 00115.691 00094.981 00086.824 00084.710 00073.904 00055.600 00049.885 00046.239 00035.004 00027.015 00061.724 00055.811 00058.363 00046.199 00047.532 00070.705 00068.652 00058.657 00073.292 00064.530 00052.155 00044.849 00041.058 00037.112 00023.829 00056.574 00057.301 00060.844 00090.114 00035.440 00033.325 00029.707 00027.887 00029.244 00038.067 00036.626 00039.117 00037.352 00035.308 00032.969 00031.718 00053.967 00085.195 00038.141 00039.262 00054.041 00062.020
00118.614 00112.252 00113.518 00106.655 00106.960 00096.671 00059.432 00051.350 00051.679 00080.187 00091.344 00089.587 00106.065 00112.628 00115.949 00112.278 00089.366 00076.832 00068.797 00053.213 00040.318 00036.720 00050.756 00045.126 00045.951 00056.212 00064.661 00056.042 00077.032 00057.611 00050.030 00057.335 00056.400 00057.166 00053.566 00051.316 00052.619 00050.645 00049.291 00043.840 00034.669 00058.052 00087.115 00107.573 00069.445 00036.089 00029.952 00035.814 00035.273 00032.132 00036.114 00041.906 00039.998 00051.193 00047.140 00053.376 00060.861 00078.114 00078.133 00034.907 00036.771 00047.028
00136.102 00112.546 00111.675 00105.981 00113.642 00107.609 00091.515 00046.749 00046.429 00081.701 00089.880 00079.737 00096.826 00106.406 00100.221 00102.158 00077.846 00068.543 00063.187 00068.958 00084.650 00078.250 00073.125 00073.669 00044.043 00039.456 00055.043 00051.963 00061.373 00046.481 00035.309 00035.174 00041.973 00043.449 00043.561 00045.118 00045.560 00059.726 00067.312 00049.032 00034.290 00060.708 00069.145 00083.125 00082.957 00042.335 00036.192 00062.996 00088.624 00037.297 00035.204 00042.143 00058.543 00068.044 00057.655 00057.483 00051.616 00065.671 00033.874 00022.898 00033.881 00038.413
00125.037 00106.154 00109.503 00095.473 00096.861 00094.878 00075.487 00036.312 00039.568 00048.921 00078.097 00072.056 00066.177 00080.134 00069.682 00082.341 00072.513 00066.019 00081.969 00079.247 00096.034 00092.300 00085.167 00076.384 00039.053 00030.817 00048.228 00048.686 00052.901 00094.549 00089.192 00086.298 00034.537 00044.054 00051.698 00032.629 00048.680 00055.484 00056.352 00024.990 00028.307 00045.035 00046.055 00056.839 00056.778 00045.577 00039.273 00073.181 00079.838 00037.531 00037.245 00048.059 00051.065 00049.770 00038.835 00047.597 00056.523 00063.529 00032.989 00025.947 00046.465 00047.980
00122.355 00096.651 00085.035 00076.918 00079.547 00067.229 00042.408 00033.574 00035.332 00061.056 00062.766 00058.461 00051.417 00060.993 00067.160 00081.578 00095.328 00098.229 00082.167 00085.736 00099.746 00093.866 00086.050 00056.158 00034.052 00043.246 00045.113 00075.122 00091.094 00093.541 00092.681 00091.493 00088.598 00081.943 00069.710 00062.311 00049.944 00044.741 00036.474 00023.165 00029.800 00035.635 00038.971 00039.153 00048.703 00016.331 00054.106 00072.236 00073.564 00065.584 00058.941 00044.266 00046.785 00046.709 00047.901 00054.112 00055.549 00063.291 00044.478 00054.514 00052.871 00012.100
00096.030 00076.811 00069.615 00065.103 00064.734 00063.164 00033.701 00028.700 00025.810 00048.576 00049.143 00056.567 00052.126 00050.458 00062.811 00072.409 00091.241 00080.651 00074.226 00070.841 00081.381 00106.284 00057.178 00043.601 00030.380 00044.443 00067.764 00067.657 00095.391 00092.827 00086.506 00094.856 00091.165 00076.800 00070.471 00049.075 00027.180 00021.621 00020.885 00029.285 00038.127 00031.477 00038.663 00034.447 00015.524 00047.973 00055.582 00054.711 00058.603 00065.378 00061.198 00008.237 00003.521 00004.057 00035.395 00048.175 00045.149 00050.974 00063.557 00058.162 00043.395 00043.215
00063.771 00068.209 00058.823 00051.605 00057.010 00039.233 00039.546 00076.279 00056.044 00044.686 00045.955 00052.922 00052.445 00039.406 00042.415 00041.114 00062.316 00052.963 00059.865 00054.236 00052.316 00045.829 00040.076 00031.094 00043.028 00053.576 00062.658 00068.588 00081.718 00090.890 00082.279 00072.024 00077.243 00066.522 00062.075 00046.411 00027.765 00027.317 00035.384 00038.310 00037.041 00043.078 00050.490 00040.046 00038.700 00045.175 00050.423 00015.068 00040.026 00067.499 00006.539 00024.575 00025.379 00041.648 00004.022 00030.667 00052.560 00045.082 00050.877 00051.192 00045.059 00037.477
00010.027 00112.633 00070.948 00086.844 00081.492 00034.967 00031.815 00062.114 00072.789 00063.426 00077.556 00077.973 00043.538 00037.620 00042.705 00036.978 00035.529 00041.304 00037.472 00035.071 00034.734 00025.699 00025.395 00026.632 00044.722 00073.229 00046.611 00058.768 00056.144 00066.716 00077.162 00058.616 00064.304 00044.542 00042.335 00038.138 00023.581 00041.981 00039.684 00048.283 00043.352 00037.654 00038.028 00030.727 00035.333 00037.816 00036.229 00051.141 00083.702 00076.552 00042.496 00100.405 00069.597 00058.854 00066.323 00028.165 00030.102 00040.767 00039.331 00037.409 00040.566 00038.160
00010.424 00011.573 00013.312 00021.486 00005.248 00012.708 00044.365 00065.000 00070.607 00058.185 00068.883 00071.588 00051.708 00041.877 00038.145 00040.581 00038.513 00031.807 00031.648 00024.909 00023.405 00028.251 00026.744 00032.532 00052.308 00044.526 00049.352 00052.200 00044.963 00071.299 00072.585 00058.020 00045.249 00039.245 00036.641 00023.504 00036.282 00038.773 00050.615 00049.712 00042.602 00086.908 00057.778 00028.657 00031.563 00033.384 00033.501 00039.354 00046.982 00057.588 00094.680 00061.157 00058.371 00060.252 00056.722 00037.389 00035.855 00035.488 00037.640 00035.623 00033.493 00032.618
00109.666 00139.698 00061.356 00010.599 00008.311 00004.727 00013.442 00060.295 00046.617 00040.615 00054.956 00057.926 00004.811 00032.879 00098.614 00032.057 00029.799 00005.379 00006.528 00021.335 00020.006 00054.345 00034.080 00035.110 00035.002 00036.571 00039.603 00038.393 00038.842 00058.756 00057.124 00051.190 00043.736 00041.184 00022.757 00033.514 00038.198 00048.718 00071.824 00079.383 00085.806 00090.421 00070.939 00066.098 00033.434 00028.546 00027.330 00031.697 00033.200 00035.524 00045.768 00006.845 00014.333 00035.212 00034.074 00033.295 00028.650 00028.581 00035.766 00036.050 00027.117 00024.197
00101.615 00116.560 00109.089 00062.693 00079.051 00023.448 00004.571 00009.834 00009.035 00080.308 00114.668 00010.313 00020.713 00009.345 00029.978 00018.374 00030.425 00091.081 00004.901 00013.600 00036.775 00031.812 00073.669 00010.440 00091.587 00030.883 00037.428 00040.787 00041.500 00047.988 00048.644 00041.668 00040.977 00024.858 00030.952 00065.587 00063.382 00061.545 00091.323 00101.442 00086.814 00090.472 00076.914 00068.733 00061.207 00052.251 00025.955 00027.586 00028.835 00028.055 00036.437 00029.954 00042.003 00034.911 00028.378 00025.000 00026.061 00025.782 00029.785 00029.852 00023.162 -9999.0
00089.102 00094.858 00094.859 00082.999 00084.328 00074.713 00005.603 00007.713 00008.640 00013.392 00053.230 00104.381 00064.261 00097.889 00061.489 00097.018 00088.872 00083.074 00069.669 00043.184 00034.827 00007.264 00020.931 00074.013 00009.515 00008.619 00094.909 00098.891 00098.258 00054.997 00054.307 00062.720 00072.046 00038.335 00037.913 00053.905 00057.143 00055.123 00088.177 00087.131 00090.118 00081.614 00074.401 00065.095 00054.596 00037.646 00022.346 00021.259 00018.873 00026.491 00026.626 00026.607 00026.671 00027.189 00018.560 -9999.0 00021.106 00020.926 00020.697 00019.122 -9999.0 -9999.0
00088.113 00079.038 00073.304 00076.113 00080.183 00083.457 00049.180 00016.248 00071.996 00033.788 00084.930 00094.326 00084.536 00074.565 00090.017 00093.056 00084.819 00076.848 00064.129 00039.013 00030.697 00074.692 00069.548 00075.067 00072.013 00031.744 00007.552 00090.470 00065.421 00051.164 00058.744 00079.919 00061.084 00040.950 00042.346 00031.604 00049.404 00087.343 00077.179 00084.401 00083.550 00077.654 00067.711 00058.596 00047.331 00026.473 -9999.0 -9999.0 -9999.0 -9999.0 -9999.0 -9999.0 -9999.0 -9999.0 -9999.0 -9999.0 -9999.0 -9999.0 -9999.0 -9999.0 -9999.0 -9999.0
00129.087 00107.786 00089.001 00086.022 00090.992 00085.086 00047.479 00038.868 00071.026 00071.834 00075.144 00083.452 00085.773 00089.863 00089.076 00097.322 00078.372 00068.726 00059.041 00034.544 00053.262 00050.729 00051.670 00080.053 00076.928 00060.422 00054.407 00080.142 00093.869 00010.460 00044.089 00058.106 00078.963 00082.982 00060.635 00011.417 00071.355 00078.359 00072.924 00062.557 00072.523 00066.752 00060.848 00031.071 00067.432 00044.771 00028.344 -9999.0 -9999.0 -9999.0 -9999.0 -9999.0 -9999.0 -9999.0 -9999.0 -9999.0 -9999.0 -9999.0 -9999.0 -9999.0 -9999.0 -9999.0
00117.629 00117.584 00093.337 00090.128 00085.882 00083.441 00044.650 00039.803 00066.272 00066.283 00074.888 00090.626 00091.887 00090.184 00083.415 00083.038 00066.808 00059.456 00058.298 00048.183 00053.395 00055.544 00049.961 00043.433 00067.669 00066.022 00062.091 00074.582 00008.488 00093.404 00092.747 00022.772 00027.500 00066.656 00048.831 00005.821 00033.863 00079.938 00027.645 00021.936 00028.270 00047.602 00003.612 00033.219 00066.442 00055.464 00030.012 -9999.0 -9999.0 -9999.0 -9999.0 -9999.0 -9999.0 -9999.0 -9999.0 -9999.0 -9999.0 -9999.0 -9999.0 -9999.0 -9999.0 -9999.0
00109.506 00113.677 00106.693 00088.671 00082.059 00082.040 00045.722 00039.432 00065.590 00069.440 00092.519 00096.363 00087.886 00092.046 00075.902 00058.245 00047.619 00076.178 00078.243 00066.054 00076.858 00079.346 00053.201 00047.609 00038.768 00063.769 00067.044 00069.931 00078.353 00061.520 00085.571 00078.948 00071.217 00071.428 00002.533 00011.496 00030.237 00059.304 00004.493 00009.313 00005.564 00006.536 00007.549 00008.404 00023.448 00048.764 00030.014 -9999.0 -9999.0 -9999.0 -9999.0 -9999.0 -9999.0 -9999.0 -9999.0 -9999.0 -9999.0 -9999.0 -9999.0 -9999.0 -9999.0 -9999.0
00106.485 00108.648 00094.525 00083.300 00081.804 00087.998 00043.619 00037.239 00067.570 00073.672 00090.076 00096.589 00080.377 00080.636 00104.366 00088.425 00085.241 00083.206 00073.832 00078.644 00084.918 00090.849 00083.579 00049.694 00045.423 00061.357 00069.413 00066.283 00065.426 00086.036 00081.107 00077.908 00076.400 00068.104 00072.505 00036.486 00041.807 00033.854 00053.468 00006.836 00017.467 00063.456 00097.355 00090.154 00008.750 00008.649 00007.264 00003.613 -9999.0 00014.901 00032.796 -9999.0 -9999.0 -9999.0 -9999.0 -9999.0 -9999.0 -9999.0 -9999.0 -9999.0 -9999.0 -9999.0
00100.264 00097.968 00081.502 00080.915 00083.293 00073.747 00046.449 00046.483 00068.723 00074.233 00076.825 00082.446 00098.259 00100.460 00110.420 00091.850 00083.255 00075.706 00066.653 00085.662 00103.888 00099.991 00092.241 00075.637 00048.846 00047.131 00063.189 00065.692 00068.314 00062.289 00076.702 00077.930 00087.752 00074.509 00069.972 00063.203 00036.391 00030.578 00055.386 00058.534 00026.309 00088.060 00090.812 00090.427 00029.973 00075.552 00061.322 00029.776 00015.485 00046.683 00021.959 -9999.0 -9999.0 -9999.0 -9999.0 -9999.0 -9999.0 -9999.0 -9999.0 -9999.0 -9999.0 -9999.0
00099.119 00085.274 00103.115 00084.288 00090.765 00101.708 00052.940 00044.817 00067.881 00066.970 00073.519 00094.270 00097.021 00108.914 00102.672 00090.359 00080.145 00082.466 00071.445 00086.250 00105.366 00095.134 00086.621 00084.798 00052.961 00050.580 00039.238 00060.457 00061.773 00058.487 00072.343 00089.980 00085.165 00081.723 00065.335 00060.718 00052.934 00028.415 00059.884 00064.139 00072.925 00081.122 00083.969 00084.235 00085.145 00066.928 00053.361 00060.483 00072.490 00074.646 00052.684 -9999.0 -9999.0 -9999.0 -9999.0 -9999.0 -9999.0 -9999.0 -9999.0 -9999.0 -9999.0 -9999.0
00104.989 00103.004 00092.729 00097.733 00110.312 00097.576 00073.655 00042.103 00063.059 00085.783 00089.409 00073.873 00097.046 00112.860 00101.077 00085.121 00076.139 00095.708 00083.194 00107.293 00112.805 00109.378 00092.881 00085.256 00083.565 00052.427 00043.941 00035.637 00055.252 00063.643 00092.559 00089.701 00082.333 00074.107 00061.075 00058.993 00036.799 00041.257 00037.071 00062.122 00064.138 00062.633 00079.587 00087.236 00082.170 00065.006 00070.598 00075.061 00073.471 00061.937 00044.999 -9999.0 -9999.0 -9999.0 -9999.0 -9999.0 -9999.0 -9999.0 -9999.0 -9999.0 -9999.0 -9999.0
00103.594 00087.269 00084.257 00113.455 00092.558 00083.818 00051.745 00038.873 00076.344 00081.243 00086.813 00093.644 00099.518 00117.807 00106.829 00089.675 00107.616 00110.273 00106.594 00104.553 00107.905 00114.992 00090.985 00091.322 00081.098 00071.594 00042.254 00032.906 00055.333 00075.004 00068.997 00084.620 00076.440 00067.429 00055.859 00064.944 00070.938 00043.106 00037.387 00056.306 00062.585 00061.261 00076.337 00076.763 00082.900 00075.523 00079.392 00073.590 00063.822 00051.835 00030.924 00028.760 -9999.0 -9999.0 -9999.0 -9999.0 -9999.0 -9999.0 -9999.0 -9999.0 -9999.0 -9999.0
00086.685 00091.346 00131.940 00089.877 00077.096 00069.483 00037.950 00037.180 00053.976 00068.082 00095.735 00091.314 00101.798 00103.057 00108.396 00094.633 00102.646 00108.504 00116.346 00117.891 00104.517 00116.178 00107.097 00098.787 00079.965 00066.673 00038.112 00053.734 00065.735 00064.341 00064.797 00074.500 00069.229 00061.810 00075.748 00070.958 00078.661 00070.021 00038.695 00034.589 00061.622 00058.123 00058.859 00079.255 00091.736 00085.213 00084.933 00074.678 00056.028 00067.351 00052.802 00028.709 -9999.0 -9999.0 -9999.0 -9999.0 -9999.0 -9999.0 -9999.0 -9999.0 -9999.0 -9999.0
00132.939 00136.753 00100.068 00074.983 00075.653 00052.625 00035.203 00041.809 00125.585 00101.324 00104.785 00088.707 00096.953 00100.204 00092.691 00101.454 00109.171 00108.935 00109.499 00103.724 00104.418 00098.449 00096.195 00088.545 00070.304 00059.185 00033.308 00044.571 00058.520 00055.632 00057.008 00067.742 00063.506 00081.204 00081.733 00079.211 00075.206 00071.546 00065.008 00033.302 00059.957 00054.009 00064.829 00079.790 00098.492 00090.759 00093.180 00078.927 00064.887 00066.301 00057.738 00026.611 -9999.0 -9999.0 -9999.0 -9999.0 -9999.0 -9999.0 -9999.0 -9999.0 -9999.0 -9999.0
00132.244 00129.682 00087.368 00082.501 00094.273 00091.042 00045.988 00040.973 00066.146 00092.247 00092.599 00083.591 00073.196 00097.900 00108.677 00109.543 00111.980 00116.934 00119.613 00126.578 00107.512 00093.319 00086.181 00059.584 00070.515 00085.415 00055.366 00042.389 00051.508 00054.703 00052.248 00069.355 00087.898 00092.787 00087.789 00083.387 00072.886 00066.575 00061.601 00031.222 00053.068 00066.044 00060.618 00078.030 00082.003 00088.083 00091.928 00082.264 00066.479 00062.910 00055.141 00030.547 -9999.0 -9999.0 -9999.0 -9999.0 -9999.0 -9999.0 -9999.0 -9999.0 -9999.0 -9999.0
00173.617 00129.054 00101.367 00088.981 00087.583 00083.099 00053.923 00051.288 00052.540 00079.885 00091.404 00072.384 00097.782 00108.870 00125.169 00119.673 00124.260 00137.762 00122.914 00130.487 00093.376 00080.733 00063.609 00066.481 00055.835 00091.591 00076.540 00040.661 00034.100 00053.680 00054.049 00066.808 00093.588 00093.727 00101.911 00087.445 00068.739 00061.712 00058.729 00039.085 00036.252 00060.448 00060.384 00076.376 00085.062 00091.301 00082.418 00078.857 00066.017 00062.201 00058.034 00031.663 -9999.0 -9999.0 -9999.0 -9999.0 -9999.0 -9999.0 -9999.0 -9999.0 -9999.0 -9999.0
