Supplementary_Data/FB_x64/TestFarsite/SampleData/Outputs/test_Intensity.asc
NCOLS 401
NROWS 476
XLLCORNER -5994.000000
YLLCORNER -7142.000000
CELLSIZE 30.000000
NODATA_VALUE -9999.0
[rows 140 to 167 of 476, columns 62 to 123 of 401]
-9999.0 -9999.0 -9999.0 -9999.0 -9999.0 -9999.0 -9999.0 -9999.0 -9999.0 -9999.0 -9999.0 -9999.0 -9999.0 -9999.0 -9999.0 -9999.0 -9999.0 -9999.0 -9999.0 00032.666 00038.332 00034.623 00039.918 00233.171 00046.209 00767.254 00390.761 01176.960 00896.051 01872.599 01777.059 01366.658 00375.145 00086.563 00037.025 00054.054 00049.650 00034.162 00033.023 00018.504 -9999.0 -9999.0 -9999.0 -9999.0 -9999.0 -9999.0 -9999.0 -9999.0 -9999.0 -9999.0 00017.720 00035.065 00129.217 00131.592 00687.086 02976.881 00266.958 00081.835 00098.948 00084.089 00073.007 00086.351
-9999.0 -9999.0 -9999.0 -9999.0 -9999.0 -9999.0 -9999.0 -9999.0 -9999.0 -9999.0 -9999.0 -9999.0 -9999.0 -9999.0 -9999.0 -9999.0 -9999.0 -9999.0 00033.161 00041.491 00041.575 00039.650 00033.817 00722.039 00210.070 00715.357 00630.220 01003.788 01124.647 01275.450 01463.945 00484.193 01062.412 00028.146 00018.410 00031.358 00057.981 00033.089 00037.897 00088.029 00041.626 -9999.0 -9999.0 -9999.0 -9999.0 -9999.0 -9999.0 -9999.0 -9999.0 -9999.0 00206.544 00014.818 00093.579 00099.467 00092.380 01357.955 00153.497 00090.887 00094.921 00086.350 00089.621 00075.141
-9999.0 -9999.0 -9999.0 -9999.0 -9999.0 -9999.0 -9999.0 -9999.0 -9999.0 -9999.0 -9999.0 -9999.0 -9999.0 -9999.0 -9999.0 -9999.0 -9999.0 -9999.0 00033.887 00391.947 00653.530 00138.351 00048.264 00035.316 00391.703 01030.883 00211.197 00207.665 00362.756 00675.735 00087.419 00073.549 00074.073 00023.220 00021.637 00036.505 00054.399 00058.470 00080.929 00020.172 -9999.0 -9999.0 -9999.0 -9999.0 -9999.0 -9999.0 -9999.0 -9999.0 -9999.0 -9999.0 00088.282 00069.174 00088.624 00101.479 00081.796 00085.018 00119.420 00089.746 00084.873 00081.231 00076.671 00073.404
-9999.0 -9999.0 -9999.0 -9999.0 -9999.0 -9999.0 -9999.0 -9999.0 -9999.0 -9999.0 -9999.0 -9999.0 -9999.0 -9999.0 -9999.0 -9999.0 -9999.0 -9999.0 00031.120 00381.562 00059.588 00042.601 00977.619 00137.302 00277.476 00527.360 00049.882 00050.351 00039.668 00407.245 00048.702 00064.712 00057.883 00034.570 00009.142 00046.357 00061.612 00066.492 00069.929 00081.384 00138.704 00120.230 -9999.0 00025.879 00045.202 -9999.0 00026.575 00023.145 -9999.0 00017.200 00064.822 00060.749 00082.890 00086.190 00063.839 00246.143 00073.842 00082.473 00075.403 00072.118 00069.637 00069.038
-9999.0 -9999.0 -9999.0 -9999.0 -9999.0 -9999.0 -9999.0 -9999.0 -9999.0 -9999.0 -9999.0 -9999.0 -9999.0 -9999.0 -9999.0 -9999.0 -9999.0 00042.528 00031.867 00042.837 00036.165 00081.635 00855.450 00905.624 00771.150 00038.051 00042.019 00665.038 00205.818 00057.114 00077.466 00076.948 00486.767 00037.913 00043.661 00050.228 00059.859 00057.413 00097.674 00090.844 00073.197 00053.173 00593.256 00167.335 00037.784 00067.377 00073.902 00071.064 00022.457 00041.760 00054.960 00046.797 00055.198 00049.093 00045.424 00134.351 00055.905 00065.874 00069.298 00095.534 00090.616 00063.480
-9999.0 -9999.0 -9999.0 -9999.0 -9999.0 -9999.0 -9999.0 -9999.0 -9999.0 -9999.0 -9999.0 -9999.0 -9999.0 -9999.0 -9999.0 -9999.0 -9999.0 00029.528 00181.088 00066.622 00036.003 00395.323 00728.328 00725.134 00696.481 00036.403 00038.893 00778.836 00733.321 00106.007 00078.811 00014.451 02655.965 02765.610 00070.270 00063.385 00067.503 00078.676 00085.412 00078.813 00046.601 00044.216 00798.715 00802.493 00047.306 00054.920 00059.700 00053.113 00071.493 00094.220 00058.445 00296.945 00037.268 00036.831 00038.369 00044.015 00052.477 00059.911 00063.036 00069.567 00064.484 00054.376
-9999.0 -9999.0 -9999.0 -9999.0 -9999.0 -9999.0 -9999.0 -9999.0 -9999.0 -9999.0 -9999.0 -9999.0 -9999.0 -9999.0 -9999.0 -9999.0 -9999.0 -9999.0 00292.589 00064.625 00080.299 00659.826 00652.076 00614.628 00304.320 00125.732 00122.339 00724.218 00251.965 00031.674 00066.661 01203.433 02785.738 03179.430 00089.046 01415.338 00072.364 00082.646 00075.756 00064.625 01198.012 00069.885 00569.215 00386.071 00033.871 00040.838 00051.154 00045.634 00043.775 00049.500 00035.459 00108.059 00115.540 00020.876 00042.181 00049.258 00050.572 00044.552 00046.697 00058.084 00114.367 00079.864
-9999.0 -9999.0 -9999.0 -9999.0 -9999.0 -9999.0 -9999.0 -9999.0 -9999.0 -9999.0 -9999.0 -9999.0 -9999.0 -9999.0 -9999.0 -9999.0 -9999.0 -9999.0 00020.892 00569.477 00026.449 00592.870 00588.803 00563.921 00487.770 00088.886 00500.766 00281.901 00256.478 00020.934 00031.770 01722.754 01147.670 00442.513 00123.738 00082.461 00078.610 00070.348 00068.444 00063.274 01968.102 00194.481 00028.602 00027.299 00030.051 00014.006 00033.053 00038.319 00055.733 00018.535 00025.573 00041.566 00087.563 00082.495 00027.246 00075.331 00023.643 00032.578 00100.376 00106.603 00088.928 00083.726
-9999.0 -9999.0 -9999.0 -9999.0 -9999.0 -9999.0 -9999.0 -9999.0 -9999.0 -9999.0 -9999.0 -9999.0 -9999.0 -9999.0 -9999.0 -9999.0 -9999.0 -9999.0 00019.676 00214.752 00527.488 00024.354 00100.111 00541.140 00265.528 00557.245 00068.546 00008.692 00011.599 00038.297 00567.239 00286.355 00428.088 00068.419 00079.982 00094.455 00067.963 00070.865 00058.269 00125.741 01216.449 00732.087 00997.917 00612.101 00067.096 00015.660 00015.965 00012.247 00038.229 00057.981 03002.338 00081.862 00088.354 00087.116 00415.031 01803.186 00053.456 00109.281 00050.635 00111.069 00066.030 00057.459
-9999.0 -9999.0 -9999.0 -9999.0 -9999.0 -9999.0 -9999.0 -9999.0 -9999.0 -9999.0 -9999.0 -9999.0 -9999.0 -9999.0 -9999.0 -9999.0 -9999.0 -9999.0 -9999.0 -9999.0 00028.188 00232.342 00020.225 00021.386 00009.536 00006.960 00010.359 00013.049 00039.089 00057.457 00072.675 00085.604 00083.417 00089.223 00089.481 00070.218 00062.854 00071.885 00063.273 00775.229 00892.051 00489.127 00035.495 00028.396 00008.531 00024.027 00037.566 00384.606 00205.676 00067.417 00061.290 00086.826 00082.797 00084.210 00145.750 00711.247 00830.660 00075.716 00044.930 00029.076 00008.850 00028.526
-9999.0 -9999.0 -9999.0 -9999.0 -9999.0 -9999.0 -9999.0 -9999.0 -9999.0 -9999.0 -9999.0 -9999.0 -9999.0 -9999.0 -9999.0 -9999.0 -9999.0 -9999.0 -9999.0 -9999.0 -9999.0 -9999.0 -9999.0 00059.409 00052.369 -9999.0 00032.718 00022.753 00049.062 00074.269 00088.210 00092.214 00087.275 00096.069 00074.426 00078.589 00059.253 00059.505 00300.530 00750.987 00736.609 00036.085 00051.839 00016.625 00022.732 00039.243 00042.105 01025.295 01594.394 00081.089 00065.049 00049.698 00075.406 00072.451 00067.093 00090.594 00092.464 00067.225 00114.745 00035.308 00024.522 00026.210
-9999.0 -9999.0 -9999.0 -9999.0 -9999.0 -9999.0 -9999.0 -9999.0 -9999.0 -9999.0 -9999.0 -9999.0 -9999.0 -9999.0 -9999.0 -9999.0 -9999.0 -9999.0 -9999.0 -9999.0 -9999.0 -9999.0 -9999.0 00053.410 00041.606 00034.351 00037.596 00040.677 00054.047 00067.233 00078.252 00074.526 00076.363 00078.045 00061.432 00060.882 00045.568 00036.490 00026.395 00046.626 00121.793 00006.841 00007.331 00016.656 00040.850 00048.595 00042.078 00999.375 01365.187 00329.601 00550.353 00050.033 00043.240 00062.230 00030.131 00081.123 00110.947 00083.379 00257.259 00380.035 00999.310 00035.049
-9999.0 -9999.0 -9999.0 -9999.0 -9999.0 -9999.0 -9999.0 -9999.0 -9999.0 -9999.0 -9999.0 -9999.0 -9999.0 -9999.0 -9999.0 -9999.0 -9999.0 -9999.0 -9999.0 -9999.0 -9999.0 -9999.0 -9999.0 00041.373 00033.447 00041.519 00043.334 00039.721 00048.865 00070.128 00069.279 00054.084 00058.447 00052.543 00053.025 00050.926 00323.215 00016.161 00020.201 00007.840 00006.172 00006.995 00051.417 00027.798 00030.576 00055.864 00043.337 00049.788 00611.838 00394.058 00074.409 00093.129 00048.876 00046.650 00057.460 00088.109 00127.619 00082.553 01404.291 00093.279 00066.949 00052.058
-9999.0 -9999.0 -9999.0 -9999.0 -9999.0 -9999.0 -9999.0 -9999.0 -9999.0 -9999.0 -9999.0 -9999.0 -9999.0 -9999.0 -9999.0 -9999.0 -9999.0 -9999.0 -9999.0 -9999.0 -9999.0 00039.807 00037.250 00024.904 00032.292 00239.614 00038.439 00035.600 00040.858 00065.574 00060.914 00045.799 00050.576 00041.103 00504.989 01079.207 00064.937 00023.783 00006.822 00007.109 00007.625 00022.774 00047.679 00492.911 00029.762 00047.790 00048.173 00048.323 00069.275 00786.585 00114.023 00916.325 01044.224 00046.645 00050.093 00093.775 00108.991 00084.561 00077.490 00086.453 00063.628 00048.771
-9999.0 -9999.0 -9999.0 00808.262 00808.426 -9999.0 -9999.0 -9999.0 -9999.0 -9999.0 -9999.0 -9999.0 -9999.0 -9999.0 -9999.0 -9999.0 00034.889 00034.916 -9999.0 00039.005 00039.420 00042.843 00049.632 00031.175 00037.526 00724.812 00033.999 00032.064 00033.733 00034.708 00041.885 00038.987 00036.447 00031.831 00029.876 00030.909 00028.487 00048.482 00007.498 00014.481 00031.613 00033.952 00040.542 02007.960 00065.081 00051.532 00059.128 00056.746 00069.480 00066.609 00066.818 00053.231 00590.947 00622.759 00047.330 00074.348 00114.204 00091.286 00083.412 00075.661 00062.737 00056.637
00030.635 00025.530 -9999.0 00504.000 00365.443 00345.799 -9999.0 -9999.0 -9999.0 -9999.0 -9999.0 -9999.0 -9999.0 -9999.0 -9999.0 00033.791 00345.825 00047.393 00038.633 00034.501 00037.644 00043.548 00240.246 00049.100 00040.555 00283.244 00437.739 00030.164 00030.177 00031.304 00032.777 00033.866 00083.028 00066.275 00046.979 00008.368 00006.725 00034.964 00045.830 00048.600 00046.303 00046.620 00440.467 02170.361 00592.362 00043.760 00072.435 00074.423 00063.987 00065.698 00074.512 00175.274 00331.784 00089.418 00052.456 00077.206 00110.783 00080.553 00083.592 00072.453 00070.897 00072.518
00043.692 00040.672 00027.313 00057.337 00808.955 00275.387 00043.673 00032.080 -9999.0 -9999.0 00364.117 -9999.0 -9999.0 -9999.0 -9999.0 00033.659 00715.667 00039.909 00055.368 00042.195 00040.627 00052.496 02141.167 00052.931 00185.165 00306.225 00598.621 00042.272 00081.577 00079.682 00081.038 00083.458 00081.655 00034.757 00009.458 00006.262 00022.304 00059.512 00045.626 00037.596 00041.228 00033.354 00052.262 00183.038 00046.069 00057.973 00055.689 00057.632 00062.925 00738.117 02229.479 00590.827 00063.049 00101.258 00056.178 00074.651 00100.927 00063.840 00062.840 00060.155 00056.783 00055.986
00059.618 00053.068 00032.418 00023.264 00290.047 00055.445 00060.800 00897.111 00134.970 00033.380 00555.592 -9999.0 -9999.0 -9999.0 -9999.0 00031.327 00245.822 00776.299 00423.551 00052.011 00055.891 00051.527 01072.778 00062.042 00625.329 00026.546 00154.868 00044.295 00064.474 00078.266 00089.699 00050.706 00014.739 00019.317 00035.705 00038.628 00032.029 01096.897 00037.728 00025.249 00018.767 00022.504 00052.954 00045.315 00084.533 00084.385 00067.676 00052.254 00057.102 00932.419 01208.951 00043.822 00757.198 00342.411 00062.778 00061.440 00054.269 00052.296 00055.490 00042.088 00038.674 00039.962
00061.582 00071.736 00031.937 00039.995 00028.244 00056.822 01239.667 00555.106 00025.872 00467.081 00556.611 -9999.0 -9999.0 -9999.0 -9999.0 00028.743 00686.288 00754.697 00721.666 00039.307 00041.881 01252.286 01374.446 00055.186 00117.233 00021.952 00032.526 00041.112 00053.595 00085.707 00066.125 00031.892 00024.154 00037.283 00057.917 00057.988 00073.491 00050.261 00055.338 00019.518 01424.961 00989.956 00071.617 00081.250 00076.941 00073.845 00061.341 00045.231 00048.462 00080.808 00288.458 00057.222 00044.083 00659.035 00040.286 00044.348 00040.965 00043.205 00043.616 00076.300 00049.185 00040.720
00054.915 00073.399 00075.844 00058.896 00050.114 00146.855 01482.489 00555.653 00156.217 00244.594 00017.734 -9999.0 -9999.0 -9999.0 -9999.0 00023.842 00569.205 00545.813 00501.985 00032.687 00376.136 00381.539 01143.954 00033.779 00025.499 00016.309 00011.215 00034.301 00044.322 00019.277 00017.331 00031.301 00050.696 00063.418 00079.943 00146.924 00408.105 00069.036 00631.761 01398.081 01436.592 00877.270 00216.700 00420.329 00063.295 00057.336 00052.432 00038.425 00036.423 00029.648 00035.309 00035.297 00030.037 00030.128 00035.423 00038.078 00042.589 00039.619 00049.541 00063.450 00052.095 00045.172
00034.177 00083.214 00077.232 00064.524 01713.152 00119.571 01301.656 00822.271 00439.879 00221.341 -9999.0 -9999.0 -9999.0 -9999.0 -9999.0 00018.675 00098.654 00365.995 00050.427 00025.564 00196.713 00246.042 00025.705 00019.659 -9999.0 -9999.0 -9999.0 00005.222 00004.902 00008.675 00031.933 00037.526 00051.743 00045.723 00056.961 00748.195 00645.276 00063.822 00045.331 00582.105 00591.294 00048.236 00040.908 00861.077 00057.298 00045.420 00065.513 00063.932 00030.459 00030.524 00030.276 00033.701 00034.712 00032.243 00028.248 00035.874 00042.175 00049.555 00048.180 00049.190 00041.011 00033.263
00072.936 00064.167 00072.808 00047.518 01020.112 01184.419 00539.512 00568.393 00083.636 00351.478 00138.470 00031.625 00536.974 -9999.0 -9999.0 -9999.0 -9999.0 -9999.0 00020.257 00019.655 00019.518 00019.382 00018.978 -9999.0 -9999.0 -9999.0 00004.567 00010.843 00033.369 00024.333 00040.127 00043.939 00044.859 00045.099 00036.590 00041.618 00210.132 00065.771 00057.889 00044.405 00055.137 00039.430 00034.393 00030.390 00051.105 00069.721 00063.411 00060.294 00084.796 00077.669 00045.630 00090.305 00075.447 00065.621 00026.778 00029.004 00034.044 00038.788 00034.109 00036.845 00030.529 00050.396
00063.581 00667.125 00072.982 00054.325 00793.089 00079.498 00119.152 00531.541 00026.519 00045.314 00063.829 00058.858 00026.655 -9999.0 -9999.0 -9999.0 -9999.0 -9999.0 -9999.0 -9999.0 -9999.0 -9999.0 -9999.0 00004.411 00005.865 00012.931 00036.218 00033.205 00033.634 00047.756 00053.990 00038.860 00037.445 00039.696 00024.261 -9999.0 00021.828 00020.947 00041.722 00050.654 00034.388 00042.525 00043.720 00033.142 00032.253 00045.792 00055.876 00042.736 00094.416 00075.789 00073.280 00067.924 00090.173 00069.257 00049.857 00038.995 00035.333 00033.563 00032.844 00029.954 00046.779 00061.013
00037.428 03781.016 00465.890 00050.297 00302.492 00018.651 00133.691 00274.684 00018.868 00039.054 00068.597 00057.188 00026.089 -9999.0 -9999.0 -9999.0 -9999.0 -9999.0 -9999.0 -9999.0 -9999.0 -9999.0 00007.348 00047.598 00046.829 00043.227 00049.133 00053.762 00034.209 00065.262 00064.439 00043.717 00033.312 00032.049 00028.785 00022.597 00020.125 00036.305 00028.431 00050.728 00037.376 00056.052 00072.413 00040.960 00032.713 00031.574 00047.244 00086.440 00219.412 00061.657 00062.504 00058.314 00061.165 00067.492 00044.580 00038.162 00032.752 00028.728 00030.656 00054.444 00064.487 00070.468
00054.572 00695.452 00416.422 00037.322 00032.037 -9999.0 -9999.0 -9999.0 -9999.0 00032.832 00033.983 00030.284 -9999.0 -9999.0 -9999.0 -9999.0 -9999.0 -9999.0 -9999.0 00039.021 00044.714 00044.483 00040.703 00042.629 00038.697 00057.718 00063.214 00065.740 00071.539 00631.865 01360.519 00075.509 00034.020 00029.345 00030.578 00032.220 00059.564 00071.338 00056.708 00038.565 00040.056 00059.610 00080.817 00070.467 00036.372 00031.116 00065.417 00738.185 02047.760 00047.722 00043.167 00042.086 00038.526 00053.085 00053.944 00036.997 00034.171 00058.497 00065.606 00070.108 00073.372 00076.988
00072.815 00440.752 00028.780 00026.799 00019.585 -9999.0 -9999.0 -9999.0 -9999.0 -9999.0 -9999.0 -9999.0 -9999.0 -9999.0 -9999.0 -9999.0 -9999.0 -9999.0 -9999.0 00040.048 00032.756 00035.653 00040.830 00054.343 00045.222 00063.434 00053.443 01487.233 00081.908 00093.041 00076.616 00076.541 00089.195 00084.039 00039.269 00045.571 00057.241 00036.008 00040.480 00257.689 00878.547 00048.174 00080.629 00055.797 00027.445 00027.341 00062.703 00880.973 00973.233 00035.323 00031.702 00038.580 00047.775 00055.409 00053.648 00041.807 00071.419 00065.197 00063.932 00065.569 00099.104 00107.379
00030.905 00026.322 00025.694 00022.353 -9999.0 -9999.0 -9999.0 -9999.0 -9999.0 -9999.0 -9999.0 -9999.0 -9999.0 -9999.0 -9999.0 -9999.0 -9999.0 -9999.0 -9999.0 00033.957 00032.059 00044.576 00050.772 00057.107 00179.118 00046.415 00042.908 00644.752 00946.242 00074.699 00074.841 00074.774 00071.141 00065.921 00070.233 00041.268 00049.364 00037.268 01161.307 00374.365 00044.455 00462.750 00082.356 00038.949 00021.082 00023.458 00353.604 00475.903 00111.256 00033.637 00475.429 00050.177 00046.620 00045.013 00036.310 00070.646 00080.519 00063.854 00046.548 00068.018 00075.011 00091.342
00043.912 00023.308 -9999.0 -9999.0 -9999.0 -9999.0 -9999.0 -9999.0 -9999.0 -9999.0 -9999.0 -9999.0 -9999.0 -9999.0 -9999.0 -9999.0 00024.469 00028.772 00032.061 00041.660 00033.355 00038.957 00045.238 00621.711 00784.816 00040.164 00033.762 00037.226 00162.572 00064.310 00071.572 00059.606 00048.743 00033.746 00066.446 00066.382 00046.314 00029.041 00257.326 00046.183 00032.959 00022.033 00018.835 00018.925 00022.796 00022.851 00213.365 00029.125 00027.329 00028.715 00025.250 00036.874 00041.336 00046.812 00048.251 00078.482 00062.091 00056.769 00042.517 00044.626 00077.265 00080.554
