Supplementary_Data/FB_x64/TestFarsite/SampleData/Outputs/test_ArrivalTime.asc
NCOLS 401
NROWS 476
XLLCORNER -5994.000000
YLLCORNER -7142.000000
CELLSIZE 30.000000
NODATA_VALUE -9999.0
[rows 168 to 195 of 476, columns 124 to 185 of 401]
04707.550 04711.438 04678.880 04648.234 04617.060 04586.102 04555.765 04524.851 04494.848 04470.722 04450.287 04443.332 04455.138 04491.408 04558.258 04580.966 04601.357 04623.848 04646.349 04790.627 04704.615 04636.631 04619.862 04602.783 04599.981 04485.592 04479.057 04554.873 04654.423 04789.622 04754.103 04624.045 04594.749 04591.856 04580.614 04601.568 04631.283 04674.817 04642.709 04617.118 04598.892 04594.570 04540.852 04531.037 04523.257 04493.904 04470.314 04464.153 04469.954 04471.158 04442.051 04476.470 04573.474 04613.088 04478.600 04350.331 03536.423 03515.497 03483.253 03452.160 03451.511 03445.146
04716.722 04729.430 04689.816 04653.546 04620.198 04588.934 04558.341 04527.880 04497.008 04462.002 04428.939 04420.644 04437.515 04496.346 04539.354 04581.472 04610.509 04643.056 04699.833 04618.147 04573.387 04553.960 04532.400 04506.100 04490.367 04473.520 04449.622 04488.714 04562.974 04634.990 04643.999 04627.195 04580.156 04570.001 04580.234 04595.158 04637.763 04637.161 04593.031 04563.427 04549.110 04550.388 04501.073 04476.635 04469.555 04456.578 04448.973 04447.791 04454.824 04429.469 04423.997 04418.635 04482.890 04525.233 04559.047 04434.453 03591.337 03472.738 03458.069 03447.634 03446.398 03437.908
04741.887 04750.383 04710.582 04675.809 04644.295 04614.975 04585.950 04557.036 04526.655 04472.337 04422.528 04399.653 04422.743 04468.431 04502.252 04585.075 04677.210 04739.288 04665.090 04542.491 04512.517 04496.213 04488.092 04469.112 04476.391 04462.807 04432.677 04441.547 04480.154 04570.331 04589.754 04578.521 04556.826 04548.990 04586.175 04613.669 04651.156 04596.326 04549.184 04509.836 04488.511 04492.057 04463.579 04441.276 04444.430 04425.655 04425.698 04440.987 04452.036 04425.745 04406.845 04391.260 04440.042 04443.177 04552.277 04343.474 03558.690 03467.879 03454.205 03443.126 03444.606 03431.148
04718.688 04757.790 04735.789 04699.169 04673.690 04646.092 04623.429 04627.456 04660.790 04566.362 04430.583 04392.536 04394.916 04441.742 04486.407 04625.199 04651.708 04603.032 04532.770 04516.230 04504.423 04471.122 04449.467 04439.196 04442.664 04427.603 04414.952 04426.787 04463.825 04510.022 04540.396 04532.330 04515.273 04540.583 04599.349 04612.732 04599.732 04553.996 04503.937 04463.850 04454.778 04460.275 04433.094 04424.211 04428.306 04412.170 04411.752 04440.759 04441.659 04427.446 04390.928 04367.121 04413.063 04423.385 04521.474 04351.311 03484.431 03470.515 03450.847 03438.102 03436.643 03430.398
04708.485 04722.063 04753.058 04749.177 04760.374 04667.115 04594.211 04561.930 04554.982 04513.310 04450.943 04402.417 04352.927 04374.401 04448.445 04509.385 04408.901 04415.276 04500.504 04465.974 04478.893 04441.228 04430.559 04423.092 04415.890 04415.263 04400.504 04404.189 04426.768 04454.899 04491.932 04482.653 04467.742 04524.702 04554.878 04563.433 04551.188 04508.626 04459.619 04429.630 04416.429 04421.280 04412.231 04409.866 04411.685 04401.301 04389.710 04414.731 04413.688 04399.343 04364.033 04321.096 04375.939 04406.243 04481.194 04358.227 03489.475 03468.055 03451.810 03434.563 03425.849 03429.436
04695.179 04717.614 04754.161 04778.471 04788.880 04583.805 04509.087 04480.461 04479.107 04449.246 04420.520 04394.011 04345.558 04330.033 04324.666 03589.695 03537.352 03575.302 04430.284 04420.202 04447.528 04425.179 04422.062 04410.254 04403.237 04402.222 04388.122 04389.742 04395.633 04413.955 04454.986 04452.988 04454.272 04504.722 04516.928 04536.916 04509.805 04465.366 04419.665 04396.755 04380.001 04375.126 04379.034 04391.147 04399.760 04395.180 04366.990 04368.131 04367.311 04361.713 04325.481 03548.440 03586.429 04330.996 04369.468 04326.419 03496.609 03465.675 03451.706 03432.591 03421.087 03416.284
04674.323 04704.768 04735.830 04764.377 04666.040 04534.784 04510.469 04485.168 04460.884 04442.666 04414.478 04383.142 04332.183 03598.622 03582.100 03562.443 03552.602 04330.158 04380.883 04391.678 04401.347 04400.469 04413.781 04399.826 04393.689 04387.831 04375.359 04374.515 04380.169 04390.127 04415.558 04418.207 04454.144 04509.250 04484.312 04519.286 04468.544 04424.314 04389.019 04378.835 04360.842 04348.382 04336.946 04348.431 04379.570 04395.457 04365.281 04335.482 04326.306 03584.744 03564.260 03519.932 03528.350 03560.442 03594.012 03547.956 03485.216 03461.892 03447.295 03432.125 03416.885 03414.793
04646.920 04665.905 04693.080 04722.113 04637.892 04538.369 04516.985 04495.173 04477.910 04446.797 04406.966 04371.493 04340.392 04363.877 04352.697 03597.398 03590.603 04367.834 04354.808 04354.185 04361.873 04375.971 04405.008 04390.121 04381.428 04370.058 04361.646 04357.586 04357.978 04372.004 04388.620 04405.955 04458.672 04458.671 04454.103 04485.981 04432.085 04394.654 04373.699 04322.015 04355.889 04335.364 04320.906 04329.151 04352.485 04419.799 04366.452 04336.901 03572.446 03547.149 03521.247 03494.611 03487.111 03509.059 03559.315 03546.332 03476.679 03457.074 03442.918 03422.607 03412.322 03413.534
04613.964 04625.671 04688.303 04736.746 04665.868 04606.529 04573.441 04537.838 04499.656 04465.402 04413.456 04373.701 04361.665 04338.464 03593.082 03584.948 03586.452 04327.235 04335.324 04324.785 04334.105 04349.769 04384.441 04376.664 04360.810 04350.878 04343.711 04339.917 04337.270 04347.351 04363.813 04397.347 04432.701 04418.097 04419.799 04453.617 04411.293 04379.013 04341.445 03560.235 03565.229 03578.106 03581.533 03590.502 04332.248 04387.960 04352.473 04344.088 03568.922 03524.296 03499.668 03476.162 03465.332 03469.636 03501.593 03555.560 03486.584 03457.100 03439.510 03417.869 03405.548 03413.346
04601.132 04637.514 04694.022 04734.826 04792.463 04728.609 04684.751 04635.374 04594.652 04508.277 04427.968 04376.215 04339.594 03587.805 03566.382 03558.150 03559.895 03571.821 03593.350 03583.693 03587.484 04322.045 04369.864 04364.722 04348.305 04332.969 04323.914 03593.617 03594.100 03599.231 04332.037 04389.223 04399.905 04382.862 04380.246 04401.084 04378.503 04340.987 03569.283 03528.736 03534.039 03543.076 03556.568 03570.340 03590.775 04348.673 04321.629 03576.007 03554.799 03503.127 03479.932 03466.435 03458.982 03463.374 03469.201 03511.537 03499.848 03468.853 03443.307 03417.672 03401.476 03416.883
04617.017 04643.022 04705.466 04728.706 04770.633 04686.111 04657.363 04650.704 04629.013 04522.964 04432.743 04364.755 04333.945 03597.090 03576.232 03550.451 03529.459 03541.951 03559.550 03560.371 03564.664 03574.020 04352.379 04372.229 04332.376 04324.256 03582.616 03567.053 03570.690 03573.384 03579.698 04386.115 04377.531 04352.853 04323.055 04333.017 03589.113 03547.170 03516.633 03509.817 03512.392 03523.657 03536.976 03548.924 03573.043 04327.536 03581.507 03553.498 03526.122 03486.202 03470.214 03458.898 03451.876 03453.277 03461.494 03473.323 03517.936 03484.257 03461.711 03426.201 03394.607 03382.117
04673.656 04697.380 04702.752 04735.868 04724.953 04665.014 04623.315 04601.679 04609.155 04608.987 04511.812 04424.562 04358.832 04340.710 04334.213 03559.893 03519.753 03526.401 03552.637 03541.130 03543.301 03549.212 03559.930 03587.345 03561.805 03577.210 03565.117 03550.795 03550.038 03551.070 03562.117 04360.017 04353.075 03582.442 03563.415 03560.552 03536.748 03499.333 03489.899 03488.235 03490.782 03501.742 03515.246 03528.568 03555.349 03594.504 03567.497 03540.129 03515.849 03485.548 03463.538 03449.533 03447.958 03444.769 03455.530 03460.057 03473.328 03511.704 03509.373 03481.827 03397.841 03369.336
04676.378 04686.873 04706.003 04736.854 04688.690 04646.925 04581.009 04554.020 04557.896 04550.579 04527.362 04448.450 04388.796 04354.992 03576.807 03528.636 03508.427 03509.791 03545.960 03525.374 03531.327 03522.736 03528.944 03537.941 03539.290 03549.354 03545.152 03530.363 03529.026 03532.057 03547.449 04338.311 04341.644 03564.479 03541.274 03524.494 03505.297 03480.651 03473.386 03472.851 03474.564 03478.994 03491.850 03506.842 03521.581 03559.704 03556.074 03527.756 03502.012 03478.475 03456.298 03442.042 03446.465 03436.789 03425.972 03424.281 03441.166 03471.870 03484.981 03461.759 03494.626 03378.681
04611.248 04683.142 04687.608 04701.237 04637.158 04595.656 04544.733 04532.087 04527.469 04515.652 04517.951 04527.910 04428.483 04350.257 03558.080 03517.279 03499.810 03493.929 03491.452 03497.916 03521.507 03509.452 03503.167 03515.762 03520.172 03523.403 03546.637 03511.190 03509.431 03516.121 03533.305 03591.438 03588.127 03552.810 03524.413 03503.771 03484.016 03469.650 03463.162 03462.259 03465.167 03469.954 03476.222 03486.945 03502.659 03534.092 03549.821 03517.115 03487.192 03466.271 03458.367 03433.207 03452.450 03434.126 03422.120 03420.255 03414.048 03421.197 03441.967 03455.948 03484.895 03371.759
04597.630 04655.613 04639.470 04648.066 04586.479 04544.026 04510.829 04509.180 04516.140 04495.829 04503.565 04496.528 04441.488 04350.146 03566.448 03533.984 03501.331 03477.000 03476.881 03478.154 03491.673 03495.221 03476.640 03490.245 03505.270 03489.304 03505.180 03491.690 03494.695 03504.421 03522.134 03562.987 03571.389 03538.834 03511.868 03487.738 03471.781 03459.753 03453.589 03451.723 03455.260 03460.893 03468.381 03476.174 03494.805 03532.947 03544.897 03512.077 03477.841 03454.805 03453.037 03423.939 03445.962 03433.661 03418.345 03416.538 03408.570 03409.231 03424.383 03447.230 03417.528 03364.453
04592.409 04582.419 04587.848 04595.662 04538.981 04492.616 04482.420 04490.062 04505.914 04475.696 04473.466 04451.820 04397.467 04361.140 04326.150 03566.896 03518.876 03480.023 03463.358 03461.399 03462.463 03468.426 03459.278 03469.610 03486.807 03474.407 03472.851 03477.183 03480.733 03491.953 03511.720 03542.788 03569.181 03530.691 03496.580 03474.059 03460.312 03447.970 03443.414 03440.776 03445.091 03452.863 03461.025 03471.883 03500.236 03515.762 03538.071 03510.106 03473.115 03448.937 03430.061 03418.906 03426.300 03442.513 03414.434 03415.590 03404.096 03401.717 03412.264 03415.861 03372.784 03362.392
04527.319 04523.739 04533.646 04544.775 04496.292 04473.011 04466.540 04477.573 04490.004 04472.523 04446.437 04429.186 04384.973 04355.921 03596.663 03537.615 03512.837 03478.583 03456.568 03446.143 03444.413 03442.452 03443.109 03447.728 03463.389 03462.278 03463.947 03470.053 03474.521 03480.059 03502.890 03535.384 03541.437 03529.095 03485.294 03461.421 03440.341 03435.171 03432.656 03431.121 03436.012 03444.381 03456.848 03471.046 03480.259 03496.274 03519.199 03513.459 03472.693 03444.510 03425.795 03413.079 03410.569 03416.791 03409.286 03416.062 03399.796 03395.642 03376.323 03358.926 03354.609 03358.664
04472.832 04470.371 04479.360 04489.574 04471.566 04453.092 04451.824 04465.511 04484.518 04471.971 04438.988 04413.193 04395.511 04349.971 03556.048 03491.571 03508.604 03482.873 03452.841 03436.969 03433.548 03432.886 03432.069 03435.290 03440.282 03446.897 03453.857 03461.687 03468.780 03476.544 03499.395 03533.714 03525.214 03497.214 03479.786 03448.756 03432.794 03425.589 03423.649 03423.712 03428.393 03436.103 03452.106 03464.345 03468.673 03476.381 03503.941 03514.960 03473.712 03443.959 03423.780 03408.470 03404.051 03403.852 03409.439 03438.167 03393.578 03378.589 03364.917 03353.489 03349.245 03347.537
04442.573 04441.810 04451.886 04445.850 04433.877 04428.313 04439.101 04456.447 04484.230 04477.243 04443.037 04409.913 04377.645 04328.062 03508.978 03472.652 03479.469 03488.027 03454.723 03429.364 03424.462 03424.121 03423.857 03425.606 03429.519 03435.514 03443.274 03452.324 03462.288 03475.860 03501.726 03534.978 03510.548 03484.062 03465.271 03445.553 03425.205 03416.117 03414.075 03414.295 03418.701 03429.077 03444.880 03453.132 03459.283 03468.458 03488.373 03515.136 03475.202 03444.578 03421.147 03404.570 03396.635 03400.186 03436.088 03392.916 03394.240 03366.004 03362.435 03349.546 03340.175 03339.365
04422.277 04422.820 04435.716 04413.585 04409.099 04410.797 04427.948 04447.588 04473.406 04466.118 04464.715 04422.437 04372.587 03579.429 03487.169 03460.937 03454.999 03449.493 03439.999 03424.609 03419.510 03416.572 03416.636 03418.060 03421.182 03425.174 03435.716 03448.236 03461.474 03476.281 03512.192 03529.468 03533.585 03475.763 03450.485 03446.981 03418.298 03404.602 03403.244 03403.300 03405.276 03419.807 03435.876 03440.130 03450.934 03462.129 03480.049 03530.632 03486.752 03449.562 03418.753 03400.836 03390.309 03403.009 03392.867 03387.129 03396.129 03360.988 03359.087 03346.432 03334.297 03326.802
04416.993 04398.992 04398.488 04379.655 04386.560 04396.622 04417.121 04440.973 04449.335 04451.503 04454.395 04457.016 04382.729 03565.780 03478.861 03453.725 03438.371 03437.165 03434.318 03420.874 03414.787 03409.726 03410.128 03410.999 03413.869 03419.365 03431.093 03444.713 03462.007 03483.967 03499.334 03509.391 03522.966 03473.877 03448.661 03432.960 03409.376 03394.995 03392.443 03392.144 03393.060 03406.302 03422.464 03431.390 03442.107 03458.520 03538.476 03534.396 03544.630 03465.928 03429.522 03397.109 03385.816 03380.678 03382.285 03386.283 03401.363 03356.538 03355.648 03344.652 03330.786 03318.958
04409.969 04383.049 04364.440 04353.093 04351.776 04368.144 04397.433 04403.101 04443.014 04423.735 04413.021 04405.068 04397.118 04341.465 03505.859 03448.749 03425.510 03426.939 03435.441 03418.115 03408.844 03407.839 03403.118 03404.249 03406.709 03414.170 03427.613 03445.431 03464.581 03478.066 03479.916 03489.618 03517.244 03473.106 03446.769 03419.814 03401.325 03387.269 03381.826 03380.279 03384.312 03397.100 03410.145 03422.641 03439.579 03461.653 03514.205 03507.244 03498.525 03527.375 03477.874 03391.740 03380.980 03374.803 03378.323 03394.687 03364.149 03352.765 03352.159 03347.430 03328.853 03315.269
04406.153 04377.090 04345.437 04323.540 03595.285 04333.456 04359.141 04385.578 04430.488 04391.124 04370.455 04350.340 03594.120 04326.099 03524.540 03447.556 03413.969 03418.000 03430.090 03451.263 03407.877 03405.182 03396.526 03397.605 03399.618 03408.091 03426.711 03450.451 03466.449 03466.633 03470.311 03479.346 03511.590 03472.575 03444.177 03415.861 03395.224 03378.764 03367.286 03365.631 03374.822 03387.293 03401.123 03422.975 03443.345 03465.548 03496.365 03485.228 03479.383 03519.851 03413.153 03387.484 03377.534 03371.111 03377.274 03390.125 03357.435 03349.062 03348.529 03353.590 03331.933 03313.272
04408.489 04377.652 04345.551 03591.126 03563.564 04374.169 04323.248 04388.130 04387.950 04374.539 04332.730 03556.876 03517.441 03520.612 03497.611 03418.133 03403.106 03410.873 03433.324 03470.511 03411.113 03395.198 03394.159 03390.694 03391.661 03401.482 03434.372 03464.190 03455.989 03457.142 03460.365 03477.284 03511.996 03485.820 03444.358 03411.753 03387.822 03369.221 03353.608 03352.550 03366.156 03378.054 03407.149 03429.393 03449.123 03470.003 03479.056 03470.429 03471.190 03521.123 03402.206 03386.260 03374.011 03367.017 03373.142 03371.696 03354.327 03345.250 03344.613 03352.795 03343.604 03314.847
04399.641 04374.026 04366.803 04332.424 03584.617 04350.294 04345.748 04345.892 04361.055 04340.046 03567.264 03519.185 03479.932 03463.884 03460.608 03410.600 03396.807 03395.602 -9999.0 -9999.0 03384.456 03387.944 03391.866 03383.229 03383.016 03395.310 03447.970 03514.134 03446.726 03446.235 03460.482 03479.551 03506.308 03539.351 03462.292 03427.782 03393.634 03360.248 03342.661 03346.395 03362.659 03389.004 03415.916 03437.391 03458.613 03491.314 03467.220 03459.694 03458.783 03477.524 03408.794 03385.488 03369.129 03360.446 03356.922 03411.118 03353.646 03341.092 03346.213 03356.741 03351.549 03341.723
04396.888 04366.388 04333.991 04348.239 04355.459 04326.817 03590.469 03580.277 03580.018 03592.097 03555.592 03513.751 03474.093 03442.456 03431.191 03405.671 03391.019 03385.573 03381.806 03385.698 03379.798 03381.019 03393.984 03375.510 03375.856 03396.997 03456.349 03451.191 03435.325 03439.358 03463.308 03479.794 03500.210 03513.990 03521.180 03447.867 03416.269 03388.497 03335.043 03347.573 03373.128 03399.367 03424.282 03447.202 03469.914 03489.821 03458.996 03449.302 03441.826 03450.170 03434.323 03394.071 03360.898 03351.839 03354.817 03418.995 03365.425 03336.832 03350.928 03365.912 03362.249 03334.539
04400.451 04369.380 04337.871 04324.507 04366.579 04337.219 03589.242 03556.025 03552.141 03561.271 03559.112 03514.685 03472.664 03439.212 03416.041 03401.334 03386.932 03381.575 03376.473 03378.565 03374.863 03373.557 03414.878 03369.046 03374.952 03443.785 03441.461 03424.886 03421.648 03440.642 03463.747 03469.259 03495.324 03497.808 03505.858 03539.231 03461.016 03452.426 03415.112 03395.808 03401.163 03409.104 03434.483 03458.975 03514.765 03499.201 03458.161 03437.143 03426.689 03436.520 03427.756 03377.721 03352.996 03346.753 03345.983 03384.372 03414.699 03414.528 03387.053 03372.747 03361.836 03356.582
04424.592 04376.311 04338.822 03599.548 04320.833 04379.710 03585.376 03543.735 03540.913 03540.311 03560.750 03517.743 03474.582 03443.154 03418.787 03400.914 03387.129 03377.614 03372.118 03371.696 03369.767 03363.851 03384.121 03362.235 03366.663 03400.093 03426.950 03413.095 03417.022 03434.732 03450.418 03472.267 03502.348 03478.191 03494.257 03554.193 03578.110 03567.392 03562.362 03502.802 03454.966 03456.490 03469.322 03523.258 03495.633 03472.823 03469.508 03424.650 03412.749 03409.724 03394.241 03359.075 03348.962 03342.523 03338.106 03347.906 03391.342 03400.315 03418.718 03380.451 03354.673 03309.833
