Supplementary_Data/FB_x64/TestFarsite/SampleData/Outputs/test_Intensity.asc
NCOLS 401
NROWS 476
XLLCORNER -5994.000000
YLLCORNER -7142.000000
CELLSIZE 30.000000
NODATA_VALUE -9999.0
[rows 168 to 195 of 476, columns 186 to 247 of 401]
00115.389 00105.892 00091.888 00031.820 00034.832 00039.121 00050.808 00046.316 00043.542 00043.881 00056.810 00072.636 00061.776 00034.132 00023.161 00029.530 00040.674 00032.348 00078.557 00514.881 01665.820 00009.460 00003.968 00093.850 00229.934 00057.782 00284.099 00698.101 00117.958 00092.688 00077.037 00058.162 00052.171 00038.154 00036.237 00048.701 00063.093 00040.323 00038.099 00036.905 00034.358 00031.283 00034.306 00056.189 00057.690 00062.645 00041.013 00046.887 00053.988 00084.007 00336.717 00098.106 00056.883 00048.861 00044.754 00041.123 00033.549 00039.098 00045.366 00047.877 00076.601 00091.458
00230.459 00096.010 00076.783 00029.895 00030.521 00065.755 00091.416 00054.180 00050.211 00043.052 00030.493 00036.305 00036.035 00029.875 00024.871 00055.511 00089.684 00105.498 00148.369 00171.478 00250.495 00006.251 00009.157 00049.555 00014.832 00068.278 00767.592 01870.192 01904.373 05811.602 00097.453 00057.834 00055.100 00041.167 00052.267 00044.956 00061.406 00033.961 00033.902 00025.223 00027.052 00031.585 00084.137 00056.381 00053.787 00064.723 00077.929 00063.941 00059.766 00082.580 00172.673 00060.628 00054.609 00040.001 00039.287 00036.334 00043.701 00038.690 00045.733 00047.267 00063.824 00096.022
00206.165 00074.609 00061.108 00052.206 00042.349 00070.087 00093.311 00094.798 00083.221 00044.682 00037.644 00029.643 00032.089 00050.793 00045.142 00083.616 00146.246 00200.129 00243.136 00105.153 00004.673 00013.468 00045.926 00012.708 00075.150 00019.614 01382.238 03417.763 10689.796 16211.241 01277.829 00081.346 00051.906 00042.705 00041.306 00038.509 00040.564 00033.431 00069.346 00061.323 00071.092 00071.507 00067.822 00042.479 00051.011 00074.686 00079.789 00071.755 00066.475 00106.868 00067.310 00041.607 00035.887 00034.977 00022.740 00032.298 00040.020 00039.439 00037.772 00045.225 00052.332 00080.569
00121.252 00042.832 00166.400 00087.434 00078.514 00068.546 00103.583 00096.466 00089.513 00046.181 00041.622 00038.314 00075.772 00092.328 00080.667 00118.127 00165.220 00289.245 00169.724 00056.496 00044.973 00034.795 00073.003 00017.779 00065.654 00007.842 02812.988 17679.432 16396.432 10615.338 11753.200 00087.579 00066.156 00038.980 00031.917 00049.070 00041.250 00040.678 00045.797 00043.579 00045.537 00046.599 00045.884 00063.438 00056.996 00060.840 00079.925 00084.851 00084.501 00078.413 00061.279 00072.591 00028.777 00021.804 00040.345 00055.948 00036.012 00035.071 00037.057 00034.184 00030.465 00037.988
00010.421 00239.318 00033.634 00078.836 00071.158 00104.962 00108.191 00113.567 00092.089 00074.844 00031.536 00054.291 00085.640 00097.502 00107.827 00120.922 00128.799 00181.275 00115.004 00043.161 00099.099 00023.343 00033.229 00065.495 00074.041 00009.186 15040.148 18788.839 16264.960 18361.223 16190.303 00659.251 00308.988 00044.061 00055.903 00042.349 00034.900 00040.727 00047.097 00033.136 00029.440 00032.044 00027.720 00052.801 00046.405 00047.934 00054.840 00054.567 00066.492 00075.803 00066.823 00062.627 00056.257 00051.919 00053.551 00062.075 00045.170 00030.489 00029.232 00028.457 00033.018 00034.736
00119.720 00022.973 00040.670 00149.075 00071.504 00078.635 00093.010 00128.337 00088.313 00083.645 00069.739 00081.973 00099.891 00112.691 00121.211 00127.617 00127.862 00115.021 00081.071 00072.870 00097.832 00079.396 00040.999 00066.718 00076.131 00008.832 16608.703 18430.221 19685.978 18496.589 13190.147 03267.567 00215.671 00272.132 00059.703 00049.402 00040.969 00041.359 00034.765 00034.398 00033.206 00022.220 00019.922 00034.841 00044.551 00062.901 00062.757 00063.526 00063.764 00068.862 00066.959 00061.907 00054.546 00063.920 00063.404 00068.325 00078.105 00084.439 00093.241 00028.833 00033.940 00026.206
00212.197 00128.040 00099.522 00116.351 00060.488 00060.985 00082.971 00083.674 00061.585 00093.258 00045.371 00135.035 00141.952 00129.758 00121.493 00111.664 00096.026 00090.519 00080.486 00151.066 00122.234 00067.977 00054.870 00057.461 00078.251 00020.769 06211.986 14884.966 19803.725 18253.336 06800.543 03074.149 00241.739 00100.906 00130.115 00296.696 00044.526 00038.375 00035.812 00039.143 00035.653 00039.003 00043.330 00062.462 00086.722 00096.604 00114.456 00084.019 00076.061 00072.786 00071.597 00062.916 00066.746 00077.353 00075.877 00079.206 00065.151 00073.895 00075.720 00065.434 00049.059 00039.718
00283.152 00123.216 00076.696 00087.417 00064.887 00068.341 00083.322 00088.200 00086.871 00089.164 00030.676 00125.607 00140.742 00121.045 00126.779 00094.331 00076.918 00076.279 00114.298 00124.359 00114.986 00082.134 00042.914 00053.022 00076.304 00053.487 03196.420 13848.126 18606.177 04638.847 03910.178 00282.002 00103.819 00146.101 00130.477 00283.290 00044.849 00053.988 00056.828 00065.690 00069.773 00063.832 00058.299 00066.456 00136.014 00109.175 00110.441 00083.110 00059.871 00060.589 00083.831 00074.806 00078.363 00075.620 00073.628 00088.087 00072.436 00067.768 00075.301 00057.900 00044.293 00045.195
00271.569 00017.714 -9999.0 00057.971 00059.690 00065.040 00100.206 00048.106 00123.631 00112.001 00135.235 00111.013 00122.190 00118.412 00114.768 00080.668 00067.548 00057.328 00127.718 00143.767 00114.601 00089.316 00034.132 00037.666 00050.034 00046.476 00975.331 08735.094 11918.668 01989.318 00369.204 00161.061 00066.910 00079.446 00134.037 00107.029 00060.769 01222.837 00109.372 00098.473 00088.765 00129.909 00331.614 00053.516 00135.889 00110.030 00097.413 00071.321 00083.750 00089.242 00090.417 00090.273 00086.043 00076.953 00070.712 00090.822 00086.105 00091.449 00084.833 00060.400 00068.969 00068.269
00132.714 00050.215 00017.675 00003.205 00010.868 00045.402 00085.979 00031.853 00057.603 00125.744 00079.310 00117.916 00110.063 00105.718 00093.680 00059.620 00058.831 00095.379 00123.039 00121.021 00101.151 00063.897 00030.176 00026.602 00056.004 00073.319 00027.331 02484.817 01061.821 00207.332 00099.805 00049.968 00055.796 00188.009 00141.212 00048.941 00235.461 00977.005 00321.725 01040.729 02577.457 03613.060 00393.429 00099.468 00113.835 00105.611 00088.572 00093.804 00084.901 00071.895 00079.478 00076.983 00073.180 00071.073 00071.794 00084.968 00084.057 00077.266 00070.841 00063.357 00055.964 00053.322
00022.996 00026.791 00018.101 00267.018 00443.272 00003.491 00041.996 00048.261 00100.672 00094.421 00036.702 00175.945 00111.368 00151.840 00068.067 00094.460 00085.824 00083.582 00089.718 00091.957 00092.806 00068.491 00031.432 00050.366 00060.363 00052.991 00060.145 00183.853 00219.266 09622.580 01245.531 00101.036 00067.470 00087.872 00207.487 00400.134 01806.882 01247.495 00829.389 03141.990 02798.142 01336.113 00465.527 00222.415 00082.100 00098.014 00110.332 00096.554 00100.641 00448.784 00094.299 00106.612 00096.518 00059.241 00059.691 00065.098 00067.185 00063.336 00064.398 00061.218 00051.017 00025.255
00068.106 00132.400 00223.644 00312.200 00455.903 00256.616 00126.029 00060.307 00098.318 00052.070 00045.698 00179.172 00151.112 00083.928 00074.076 00090.612 00091.007 00129.423 00101.806 00092.118 00076.035 00049.786 00051.969 00046.588 00044.442 00049.727 00111.978 00158.122 00796.542 01487.661 00072.231 00056.679 00056.050 00059.505 00195.336 01211.149 01515.017 00946.882 00876.622 03938.609 01950.643 00474.939 00684.582 00114.472 00091.530 00113.678 00120.133 00108.377 00122.236 00381.893 00274.823 00199.423 00121.815 00071.532 00066.572 00071.109 00053.023 00053.130 00056.917 00057.089 00045.827 00023.736
00119.018 00147.513 00216.570 00337.039 00457.814 00140.149 00004.169 00011.533 00096.435 00108.003 00071.790 00068.241 00144.602 00200.742 00229.463 00187.439 00164.217 00038.215 00051.070 00089.936 00056.789 00049.340 00043.787 00040.152 00032.252 00035.093 00040.279 00117.673 00103.678 00011.914 00256.901 02864.174 02757.209 01201.865 00729.331 01959.668 01851.097 00811.316 00670.386 01716.142 00605.117 00264.829 00442.260 00171.622 00094.194 00108.769 00100.645 00107.575 00111.125 00354.944 00249.421 00263.063 00122.642 00086.240 00105.631 00067.567 00051.059 00049.241 00049.459 00049.999 00025.199 -9999.0
00100.503 00137.597 00227.812 00369.974 00241.035 -9999.0 00260.661 00007.837 00070.913 00128.060 00203.547 00319.809 00241.158 00012.073 00211.399 00203.380 00220.144 00154.355 00090.410 00092.296 00069.897 00082.803 00085.119 00030.533 00027.963 00025.396 00046.580 00061.106 00063.102 00116.153 00148.649 01496.397 00142.641 01506.362 01390.784 06070.252 03043.483 00828.589 01096.632 00463.900 00302.730 00154.488 00124.826 00117.062 00087.281 00106.258 00107.261 00101.291 00120.839 00142.467 00240.150 00492.600 00062.483 00151.857 00145.742 00051.327 00045.943 00038.761 00041.271 00044.847 00023.545 -9999.0
00083.362 00133.255 00252.459 00436.891 00371.031 00020.414 00180.412 00070.717 00067.915 00158.983 00153.889 00175.777 00179.848 00030.024 00100.583 00235.874 00211.741 00113.663 00084.127 00087.906 00063.330 00063.810 00031.043 00028.488 00026.652 00022.805 00030.905 00074.588 00067.318 00110.572 00110.819 00498.348 00010.734 00416.694 04088.333 06873.673 03496.242 01078.971 00267.016 00272.808 00144.728 00131.180 00117.933 00092.471 00093.321 00080.382 00096.470 00094.179 00127.978 00282.416 00905.666 00012.078 00155.004 00108.369 00090.979 00044.743 00046.104 00034.999 00033.213 00033.680 -9999.0 -9999.0
00028.117 00103.424 00265.609 00404.639 00372.037 00016.006 -9999.0 00008.644 00066.783 00236.757 00155.457 00091.532 00029.920 00083.750 00161.123 00168.967 00109.395 00085.951 00062.732 00058.598 00056.262 00056.060 00036.088 00027.315 00035.356 00041.875 00034.501 00061.281 00080.592 00069.495 00086.929 00244.317 00055.645 01539.135 02283.062 03316.716 02349.027 00700.433 00112.945 00119.229 00128.432 00138.654 00112.702 00105.754 00088.067 00073.579 00066.076 00086.439 00126.097 00139.774 00510.416 03008.406 07084.482 00238.325 00078.260 00059.660 00035.863 00033.094 00028.317 00021.737 -9999.0 -9999.0
00040.054 00047.771 00278.622 00332.362 00294.437 00154.646 00287.568 00008.887 -9999.0 00193.533 00189.010 00091.884 00018.056 00347.701 00118.669 00084.535 00071.910 00056.680 00062.910 00079.310 00085.772 00112.389 00032.003 00031.939 00039.464 00050.728 00033.840 00051.110 00052.797 00061.157 00067.426 00087.220 00142.727 00132.394 01059.686 00507.915 00957.934 00091.568 00101.483 00113.031 00120.849 00123.815 00119.941 00101.186 00094.306 00078.914 00064.890 00078.228 00108.731 00146.835 00559.234 03604.418 04026.765 01274.497 00117.955 00069.364 00042.286 00037.502 00034.315 00028.605 00025.821 -9999.0
00059.898 00147.657 00304.293 00164.063 00141.699 00185.223 00029.003 00003.322 -9999.0 00213.501 00168.123 00106.216 00135.381 00223.071 00120.326 00053.793 00063.344 00066.145 00062.159 00133.451 00081.277 00072.596 00028.222 00048.211 00037.267 00040.545 00030.804 00041.382 00048.424 00058.749 00072.590 00082.140 00134.202 00168.407 00135.206 00328.950 00144.068 00083.164 00100.961 00111.821 00124.111 00123.788 00103.061 00104.198 00105.439 00072.734 00059.138 00067.128 00078.251 00129.660 00151.638 00876.721 01380.509 01020.001 00144.020 00077.971 00054.397 00024.636 00027.729 00034.569 00033.503 00030.608
00091.866 00128.603 00261.737 00038.993 00074.612 00336.794 00488.197 00028.092 -9999.0 00155.410 00171.230 00147.823 00137.063 00173.933 00079.387 00060.579 00063.593 00061.133 00074.969 00086.616 00073.724 00062.860 00023.150 00058.736 00035.498 00011.738 00023.640 00037.793 00082.171 00067.489 00064.883 00115.757 00123.534 00134.083 00120.637 00097.435 00088.536 00075.785 00090.683 00110.902 00117.233 00114.006 00091.070 00091.476 00089.593 00061.057 00049.348 00070.009 00073.811 00102.638 00142.359 00167.739 01302.966 01960.816 01429.282 00148.644 00081.604 00019.686 00024.131 00028.240 00039.347 00036.498
00055.920 00099.308 00259.363 00224.681 00212.827 00388.705 00404.885 00033.305 00025.819 00354.004 00144.672 00185.019 00138.596 00080.252 00086.879 00040.203 00052.166 00054.512 00055.832 00102.745 00102.131 00121.794 00116.976 00015.491 00004.254 00014.532 00086.717 00114.494 00082.618 00059.640 00062.579 00086.865 00089.538 00105.432 00115.015 00071.096 00116.533 00065.823 00082.801 00106.797 00107.833 00113.375 00112.379 00102.250 00084.687 00050.667 00045.996 00080.340 00068.774 00110.472 00143.261 00192.219 00587.545 02558.416 18777.728 08733.992 00065.268 00068.274 00044.008 00030.376 00031.790 00027.542
00038.477 00022.159 00189.585 00049.876 00256.214 00456.467 00295.624 00140.299 00125.413 00271.635 00285.535 00106.906 00073.927 00070.166 00003.993 00022.010 00038.132 00155.514 00140.503 00121.864 00110.467 00190.065 00274.742 00005.322 00022.471 00020.538 00049.665 00083.914 00061.274 00044.429 00073.711 00092.411 00099.696 00094.150 00085.508 00057.587 00110.002 00053.370 00067.663 00079.164 00102.394 00116.653 00106.506 00093.930 00072.755 00047.922 00042.624 00072.567 00082.771 00103.928 00139.932 00180.901 00235.625 22702.616 18245.068 02363.256 00852.915 00069.115 00085.420 00024.319 00030.916 00027.096
00219.068 00223.203 00264.314 00178.387 00367.260 00328.769 00200.949 00110.827 00421.099 00017.776 00245.924 00029.152 00046.429 00006.279 00037.612 00161.109 00132.747 00116.220 00127.917 00112.334 00110.430 00122.100 00155.455 00005.190 00018.847 00056.164 00096.816 00033.068 00034.278 00070.820 00096.549 00106.669 00099.759 00081.197 00059.832 00083.624 00097.504 00102.970 00097.478 00075.712 00075.888 00098.098 00084.412 00078.969 00057.472 00045.428 00044.081 00103.396 00093.840 00100.533 00123.560 00176.853 00176.960 15964.039 01923.445 01092.859 01119.055 01119.045 02044.308 01090.330 00167.970 00024.791
00180.393 00223.932 00395.954 00209.151 00365.164 00165.896 00094.972 00412.121 00418.289 00222.051 00172.624 00005.027 00019.581 00006.801 00079.265 00122.000 00076.715 00090.712 00100.551 00095.749 00101.266 00196.364 00156.599 00007.066 00023.853 00011.775 00042.345 00015.164 00064.236 00146.662 00114.744 00106.685 00102.353 00069.630 00061.709 00075.172 00092.819 00091.970 00097.436 00055.811 00067.359 00061.549 00063.606 00053.690 00047.721 00055.686 00068.311 00093.505 00092.894 00094.128 00116.625 00111.456 00109.082 00099.420 00115.078 00348.646 01873.924 01884.740 01462.660 00783.477 00354.037 00065.444
00157.079 00242.657 00221.722 00289.402 00082.456 00069.190 00345.552 00448.685 00256.285 00186.062 00156.627 00137.229 00005.512 00005.830 00112.592 00061.087 00086.629 00096.831 00095.390 00108.046 00094.436 00142.181 00016.852 00068.993 00070.940 00021.226 00008.326 00024.904 00025.607 00028.927 00110.561 00097.421 00085.393 00069.104 00067.972 00086.789 00081.905 00101.276 00085.323 00030.136 00032.696 00114.426 00136.537 00049.740 00119.454 00077.367 00057.474 00097.058 00081.614 00088.920 00089.312 00085.470 00091.842 00106.734 00128.654 00221.816 00804.511 00518.850 00767.451 00780.993 00090.397 00128.465
00155.835 00231.236 00044.415 00440.834 00014.610 00166.120 00372.078 00472.011 00179.393 00147.809 00125.575 -9999.0 -9999.0 00003.852 00086.269 00058.761 00097.192 00117.680 00105.635 00146.350 00074.347 00070.560 00075.143 00040.453 00014.363 00068.151 00026.245 00009.062 00040.917 00054.582 00098.391 00117.592 00091.025 00077.700 00088.329 00092.145 00083.898 00085.508 00099.851 00101.029 00085.182 00095.208 00115.530 00134.767 00123.193 00073.485 00064.191 00095.243 00069.432 00096.485 00072.594 00086.192 00094.290 00098.618 00112.983 00187.698 00168.343 00266.640 00183.709 02215.105 03500.526 01316.604
00148.600 00208.118 00368.000 00473.996 00020.316 00265.477 00368.919 00198.617 00134.928 00114.976 00098.420 00061.702 -9999.0 00047.381 00067.293 00055.254 00075.303 00273.272 00096.743 00079.117 00054.732 00059.174 00110.937 00050.652 00059.387 00054.849 00044.779 00024.596 00045.263 00062.003 00053.130 00077.164 00086.222 00090.388 00083.399 00073.279 00083.559 00092.546 00101.448 00107.056 00102.802 00097.269 00108.793 00109.186 00086.182 00061.057 00060.340 00074.755 00068.949 00089.302 00083.337 00084.145 00080.991 00084.929 00086.609 00084.799 00180.070 01923.483 02340.318 02708.945 05124.397 01610.069
00139.921 00201.302 00448.168 00463.468 00011.576 00238.648 00348.159 00117.379 00096.182 00085.468 00008.144 00054.520 -9999.0 -9999.0 00012.021 00081.091 00095.106 00113.636 00055.919 00042.590 00072.707 00095.379 00117.361 00043.721 00044.140 00042.934 00044.368 00043.899 00014.676 00096.535 00060.509 00068.183 00061.579 00058.633 00056.699 00054.058 00075.523 00076.937 00088.690 00077.137 00076.567 00082.699 00091.208 00084.846 00069.246 00059.223 00053.649 00075.852 00061.370 00056.686 00064.031 00066.888 00096.048 00149.725 00181.508 00199.054 00215.716 00379.080 01088.928 07599.970 05085.691 06553.563
00140.503 00332.696 00374.139 00390.824 00044.187 00227.820 00088.086 00073.798 00145.285 00060.149 00007.378 00014.901 00022.559 00021.817 -9999.0 00117.654 00072.217 00095.486 00078.342 00071.981 00074.300 00093.944 00061.162 00008.989 00046.528 00038.977 00037.112 00048.867 00061.422 00047.694 00056.894 00056.451 00048.199 00048.898 00044.818 00043.903 00044.046 00107.393 00090.013 00072.184 00061.900 00072.760 00071.656 00064.400 00058.758 00054.571 00070.444 00072.963 00056.903 00060.834 00101.655 00117.903 00147.464 00139.552 00167.127 00175.099 00167.678 00324.512 01960.422 01731.184 02715.862 03670.344
