Supplementary_Data/FB_x64/TestFarsite/SampleData/Outputs/test_SpreadDirection.asc
NCOLS 401
NROWS 476
XLLCORNER -5994.000000
YLLCORNER -7142.000000
CELLSIZE 30.000000
NODATA_VALUE -9999.0
[rows 228 to 265 of 476, columns 172 to 257 of 401]
127 125 126 138 072 125 309 086 299 005 000 079 329 002 101 318 333 112 116 315 236 293 062 272 299 064 014 066 060 141 152 318 321 350 323 328 255 315 336 080 125 013 110 134 077 092 116 124 352 352 149 106 030 206 160 215 188 148 123 112 162 -9999 322 097 109 083 329 000 048 072 -9999 333 -9999 -9999 -9999 -9999 -9999 -9999 -9999 -9999 -9999 -9999 -9999 -9999 -9999 -9999
145 144 146 142 122 286 027 081 314 030 310 358 007 114 329 331 124 127 116 326 327 238 167 276 290 316 097 126 120 074 288 322 317 002 325 325 024 351 091 105 072 033 107 074 080 106 166 176 063 086 127 098 123 097 126 251 168 155 118 314 334 -9999 014 100 122 030 008 092 097 084 000 096 -9999 -9999 -9999 -9999 -9999 -9999 -9999 -9999 -9999 -9999 -9999 -9999 -9999 -9999
051 071 122 114 060 306 319 092 074 111 068 322 111 347 331 108 109 025 004 084 326 002 002 277 313 047 126 050 013 310 288 299 317 004 325 355 031 016 091 131 102 140 156 083 079 127 070 032 032 144 037 085 316 103 -9999 190 193 141 299 345 321 075 106 123 116 076 004 098 130 115 055 108 -9999 -9999 -9999 -9999 -9999 -9999 -9999 -9999 -9999 -9999 -9999 -9999 -9999 -9999
063 132 073 331 005 331 105 326 068 305 068 120 333 024 049 112 069 049 358 348 274 064 320 275 314 043 056 044 098 310 346 307 313 016 016 095 095 151 133 080 128 -9999 -9999 -9999 136 108 118 152 097 327 067 039 348 117 033 045 342 101 340 340 010 078 136 284 013 022 129 117 116 121 114 106 -9999 -9999 -9999 -9999 -9999 -9999 -9999 -9999 -9999 -9999 -9999 -9999 -9999 -9999
141 291 073 038 038 107 326 052 068 317 108 134 104 095 112 118 069 103 092 042 224 157 074 275 036 043 122 107 098 330 342 307 318 054 054 109 -9999 187 117 088 -9999 -9999 -9999 -9999 291 130 034 071 006 007 036 011 103 075 065 065 052 313 344 086 083 099 -9999 303 352 154 173 151 150 129 141 -9999 -9999 -9999 -9999 -9999 -9999 -9999 -9999 -9999 -9999 -9999 -9999 -9999 -9999 -9999
291 321 308 037 037 116 320 052 068 103 332 105 108 118 120 101 319 054 064 092 019 293 316 307 040 109 117 092 358 347 002 320 081 068 108 110 312 211 167 166 -9999 -9999 -9999 -9999 307 030 060 052 064 093 075 105 059 037 024 047 049 336 351 086 100 099 122 080 -9999 -9999 211 153 142 137 -9999 -9999 -9999 -9999 -9999 -9999 -9999 -9999 -9999 -9999 -9999 -9999 -9999 -9999 -9999 -9999
283 306 027 027 091 302 059 059 099 111 039 105 121 122 133 129 084 112 333 031 073 061 318 021 109 087 052 000 000 017 310 340 081 113 140 312 281 239 167 101 -9999 335 005 -9999 332 030 017 019 051 093 108 134 116 075 332 040 006 007 081 098 022 109 147 070 -9999 -9999 -9999 -9999 -9999 -9999 -9999 -9999 -9999 -9999 -9999 -9999 -9999 -9999 -9999 -9999 -9999 -9999 -9999 -9999 -9999 -9999
283 308 026 074 116 325 066 097 113 096 120 122 126 124 129 124 084 121 121 028 349 307 348 021 109 121 124 099 112 118 030 121 097 168 176 -9999 205 174 173 094 096 103 109 060 005 103 067 086 050 067 137 154 159 326 065 051 066 107 081 099 100 049 099 111 -9999 -9999 -9999 -9999 -9999 -9999 -9999 -9999 -9999 -9999 -9999 -9999 -9999 -9999 -9999 -9999 -9999 -9999 -9999 -9999 -9999 -9999
293 299 025 094 331 063 079 108 125 120 122 128 102 137 140 068 102 340 133 132 287 300 032 125 127 142 140 137 121 085 043 120 -9999 -9999 -9999 334 341 321 198 129 096 111 122 093 112 124 151 146 157 128 350 101 322 332 070 101 138 096 096 100 106 085 102 114 -9999 -9999 -9999 -9999 -9999 -9999 -9999 -9999 -9999 -9999 -9999 -9999 -9999 -9999 -9999 -9999 -9999 -9999 -9999 -9999 -9999 -9999
295 353 353 331 001 066 079 118 138 334 000 103 064 110 077 067 075 133 134 127 292 300 116 152 143 142 148 162 161 096 136 135 -9999 -9999 286 299 249 281 197 195 102 117 128 124 123 076 044 092 355 339 108 102 317 088 094 055 014 095 097 047 055 131 135 137 112 -9999 -9999 -9999 -9999 -9999 -9999 -9999 -9999 -9999 -9999 -9999 -9999 -9999 -9999 -9999 -9999 -9999 -9999 -9999 -9999 -9999
299 327 327 045 057 040 049 015 357 097 106 125 090 310 077 108 122 329 356 351 104 056 130 190 158 151 179 207 157 154 133 121 -9999 -9999 -9999 239 223 220 202 183 178 178 -9999 197 186 086 145 105 042 121 081 338 117 114 110 114 138 088 073 143 128 123 138 136 139 -9999 -9999 -9999 -9999 -9999 -9999 -9999 -9999 -9999 -9999 -9999 -9999 -9999 -9999 -9999 -9999 -9999 -9999 -9999 -9999 -9999
289 287 043 106 078 057 130 101 125 120 124 134 273 016 084 123 112 012 119 127 121 347 320 057 096 093 189 189 189 168 136 355 008 101 055 227 223 202 202 183 183 123 061 101 203 185 131 096 136 137 052 020 118 110 122 115 118 138 169 176 125 121 124 117 114 115 042 -9999 -9999 -9999 -9999 -9999 -9999 -9999 -9999 -9999 -9999 -9999 -9999 -9999 -9999 -9999 -9999 -9999 -9999 -9999
225 285 106 105 078 136 146 136 135 134 135 131 274 317 098 121 101 150 143 146 008 353 341 096 096 122 001 002 207 140 100 051 140 151 141 251 204 203 202 183 170 168 134 091 137 069 198 160 160 158 143 137 135 126 116 116 128 310 312 055 024 114 166 153 097 118 114 -9999 -9999 -9999 -9999 -9999 -9999 -9999 -9999 -9999 -9999 -9999 -9999 -9999 -9999 -9999 -9999 -9999 -9999 -9999
227 225 153 153 138 141 164 164 150 174 299 053 317 097 123 138 097 185 039 098 309 086 121 096 053 062 359 094 100 205 175 174 156 156 108 132 215 200 200 182 182 163 152 139 136 053 024 204 193 157 158 086 190 158 148 134 103 338 317 027 094 321 329 083 112 090 096 -9999 -9999 -9999 -9999 -9999 -9999 -9999 -9999 -9999 -9999 -9999 -9999 -9999 -9999 -9999 -9999 -9999 -9999 -9999
217 215 169 171 134 314 357 050 018 016 305 347 007 097 013 061 328 006 018 341 014 097 142 060 057 061 048 093 121 109 161 289 334 092 132 308 315 200 200 183 181 163 163 153 153 150 083 076 028 028 036 073 063 210 165 157 008 014 336 356 100 326 087 108 083 090 107 -9999 -9999 -9999 -9999 -9999 -9999 -9999 -9999 -9999 -9999 -9999 -9999 -9999 -9999 -9999 -9999 -9999 -9999 -9999
151 229 174 147 319 329 058 058 053 079 359 114 111 123 094 063 296 089 079 114 114 039 019 107 054 059 140 115 109 120 336 334 330 092 324 305 311 341 100 091 113 127 148 101 334 089 089 115 088 128 127 154 087 038 023 023 001 058 034 110 101 013 112 105 119 119 -9999 -9999 -9999 -9999 -9999 -9999 -9999 -9999 -9999 -9999 -9999 -9999 -9999 -9999 -9999 -9999 -9999 -9999 -9999 -9999
047 194 176 317 311 328 088 046 112 115 120 123 123 134 109 114 346 089 115 125 122 137 132 095 132 023 009 108 129 296 268 319 086 044 318 310 335 335 100 114 126 358 094 103 349 089 114 128 117 192 185 120 087 300 340 033 017 068 053 130 137 128 126 120 117 -9999 -9999 -9999 -9999 -9999 -9999 -9999 -9999 -9999 -9999 -9999 -9999 -9999 -9999 -9999 -9999 -9999 -9999 -9999 -9999 -9999
044 027 313 291 325 104 105 120 114 124 123 137 138 312 126 116 108 123 120 124 116 170 185 133 122 142 126 131 015 015 268 307 102 139 304 309 325 095 111 129 012 108 108 010 095 114 064 104 117 347 049 195 153 346 343 086 104 081 099 131 156 161 148 005 095 -9999 -9999 -9999 -9999 -9999 -9999 -9999 -9999 -9999 -9999 -9999 -9999 -9999 -9999 -9999 -9999 -9999 -9999 -9999 -9999 -9999
032 019 014 304 336 104 122 124 123 125 088 100 300 106 105 125 124 137 133 135 133 019 106 113 158 158 118 330 046 082 333 342 190 159 289 325 103 111 129 052 033 106 030 086 108 338 066 114 026 010 045 336 335 051 109 122 143 122 100 031 029 326 037 037 -9999 -9999 -9999 -9999 -9999 -9999 -9999 -9999 -9999 -9999 -9999 -9999 -9999 -9999 -9999 -9999 -9999 -9999 -9999 -9999 -9999 -9999
111 091 358 336 103 124 126 133 133 132 138 300 323 097 123 139 138 165 168 133 009 102 115 083 116 120 060 303 046 294 342 340 307 055 307 345 103 117 083 073 110 040 087 086 039 072 066 083 024 012 013 005 105 118 171 177 142 127 100 333 079 017 125 083 -9999 -9999 -9999 -9999 -9999 -9999 -9999 -9999 -9999 -9999 -9999 -9999 -9999 -9999 -9999 -9999 -9999 -9999 -9999 -9999 -9999 -9999
105 071 027 118 124 133 133 148 148 148 102 322 098 098 159 177 177 277 317 097 122 113 114 104 352 055 054 326 040 340 000 104 081 022 028 119 122 095 083 120 036 038 087 092 103 078 098 104 117 080 108 120 119 121 006 033 128 158 034 016 097 053 087 114 005 -9999 -9999 -9999 -9999 -9999 -9999 -9999 -9999 -9999 -9999 -9999 -9999 -9999 -9999 -9999 -9999 -9999 -9999 -9999 -9999 -9999
105 084 124 132 144 145 210 171 171 171 310 091 099 111 339 043 345 348 011 116 145 149 129 039 282 055 338 350 349 050 118 136 329 105 117 123 111 134 037 037 035 090 093 103 103 103 105 117 127 107 140 148 146 080 150 141 157 157 149 153 145 334 087 035 093 -9999 -9999 -9999 -9999 -9999 -9999 -9999 -9999 -9999 -9999 -9999 -9999 -9999 -9999 -9999 -9999 -9999 -9999 -9999 -9999 -9999
127 120 142 151 150 018 031 210 174 329 329 091 117 049 325 052 350 012 069 088 329 072 348 116 354 055 345 010 082 107 356 329 348 104 140 141 140 316 038 037 093 093 104 105 106 118 118 115 087 097 185 182 142 071 065 328 190 094 345 277 333 100 101 064 100 -9999 -9999 -9999 -9999 -9999 -9999 -9999 -9999 -9999 -9999 -9999 -9999 -9999 -9999 -9999 -9999 -9999 -9999 -9999 -9999 -9999
002 042 031 349 339 092 068 096 309 333 023 092 101 049 119 127 062 132 081 118 051 077 097 046 285 359 016 347 090 278 337 001 093 170 176 326 316 036 038 095 093 104 104 105 119 121 121 127 124 094 226 113 175 163 036 094 007 052 344 048 009 099 130 131 116 -9999 -9999 -9999 -9999 -9999 -9999 -9999 -9999 -9999 -9999 -9999 -9999 -9999 -9999 -9999 -9999 -9999 -9999 -9999 -9999 -9999
009 011 030 001 001 093 060 308 328 337 000 076 017 110 128 142 152 162 128 095 056 077 064 047 290 080 075 112 104 068 311 026 090 334 353 358 339 037 036 095 103 104 121 121 121 127 127 126 134 009 010 127 136 136 087 000 000 079 318 089 115 139 131 131 140 088 045 -9999 -9999 -9999 -9999 -9999 -9999 -9999 -9999 -9999 -9999 -9999 -9999 -9999 -9999 -9999 -9999 -9999 -9999 -9999
342 074 048 127 136 071 030 000 020 019 111 119 115 144 142 177 028 050 131 124 077 057 062 337 329 080 109 122 139 134 312 089 090 014 120 142 044 037 102 103 123 121 127 127 130 131 132 132 131 083 112 041 305 297 324 088 099 318 116 119 024 040 049 -9999 -9999 -9999 -9999 -9999 -9999 -9999 -9999 -9999 -9999 -9999 -9999 -9999 -9999 -9999 -9999 -9999 -9999 -9999 -9999 -9999 -9999 -9999
082 082 123 328 077 079 066 053 032 022 119 140 129 119 341 277 319 092 151 152 152 037 062 346 345 080 132 003 035 043 266 131 143 145 289 326 067 111 102 123 124 127 128 129 139 137 137 137 135 131 040 090 057 307 332 088 097 082 138 149 057 105 063 -9999 -9999 -9999 -9999 -9999 -9999 -9999 -9999 -9999 -9999 -9999 -9999 -9999 -9999 -9999 -9999 -9999 -9999 -9999 -9999 -9999 -9999 -9999
082 108 353 358 078 077 071 059 121 110 009 130 086 060 337 310 348 107 328 036 006 355 003 041 003 092 005 005 069 082 172 192 181 264 292 086 105 119 135 142 140 140 139 139 138 136 137 144 155 151 139 329 042 348 105 103 111 123 336 359 071 105 134 -9999 -9999 -9999 -9999 -9999 -9999 -9999 -9999 -9999 -9999 -9999 -9999 -9999 -9999 -9999 -9999 -9999 -9999 -9999 -9999 -9999 -9999 -9999
080 070 025 092 085 078 075 126 122 118 135 148 095 090 344 346 100 353 025 078 051 062 108 074 118 092 054 107 107 133 208 086 061 248 303 086 111 141 167 168 141 142 142 144 145 149 142 112 126 128 130 094 115 114 104 112 114 055 013 105 109 114 018 -9999 -9999 -9999 -9999 -9999 -9999 -9999 -9999 -9999 -9999 -9999 -9999 -9999 -9999 -9999 -9999 -9999 -9999 -9999 -9999 -9999 -9999 -9999
095 127 111 129 145 136 127 132 142 072 056 031 116 123 120 081 102 353 024 094 097 118 108 122 128 084 052 103 052 069 240 159 001 270 091 143 135 038 213 168 164 163 145 146 145 145 146 136 105 103 102 121 121 107 112 114 117 088 121 109 112 138 127 -9999 -9999 -9999 -9999 -9999 -9999 -9999 -9999 -9999 -9999 -9999 -9999 -9999 -9999 -9999 -9999 -9999 -9999 -9999 -9999 -9999 -9999 -9999
126 129 129 108 184 182 123 108 087 145 126 125 123 153 135 122 097 057 081 094 097 143 130 132 148 140 102 320 054 060 349 350 319 311 013 194 287 335 233 177 173 161 161 160 068 112 107 101 088 123 121 110 111 111 113 142 156 144 146 144 138 -9999 -9999 -9999 -9999 -9999 -9999 -9999 -9999 -9999 -9999 -9999 -9999 -9999 -9999 -9999 -9999 -9999 -9999 -9999 -9999 -9999 -9999 -9999 -9999 -9999
150 164 158 130 093 184 164 164 164 130 119 136 167 167 161 301 281 013 081 141 150 324 092 109 115 113 109 043 058 101 349 089 010 325 338 074 332 000 139 310 339 080 092 090 112 103 105 112 123 109 109 110 111 127 159 169 147 -9999 -9999 -9999 -9999 -9999 -9999 -9999 -9999 -9999 -9999 -9999 -9999 -9999 -9999 -9999 -9999 -9999 -9999 -9999 -9999 -9999 -9999 -9999 -9999 -9999 -9999 -9999 -9999 -9999
118 205 133 127 121 050 198 181 181 150 164 098 304 062 336 051 293 337 098 060 306 340 111 113 138 117 340 027 090 348 076 074 346 354 101 076 132 024 350 335 090 091 092 115 108 103 103 106 107 108 109 129 128 091 009 030 -9999 -9999 -9999 -9999 -9999 -9999 -9999 -9999 -9999 -9999 -9999 -9999 -9999 -9999 -9999 -9999 -9999 -9999 -9999 -9999 -9999 -9999 -9999 -9999 -9999 -9999 -9999 -9999 -9999 -9999
061 212 193 126 116 090 130 197 143 134 294 304 023 062 301 326 034 020 088 016 027 110 111 147 358 036 093 042 091 353 076 326 079 121 115 135 107 295 315 094 090 119 121 106 129 129 119 106 106 133 129 139 157 104 051 034 -9999 -9999 -9999 -9999 -9999 -9999 -9999 -9999 -9999 -9999 -9999 -9999 -9999 -9999 -9999 -9999 -9999 -9999 -9999 -9999 -9999 -9999 -9999 -9999 -9999 -9999 -9999 -9999 -9999 -9999
011 097 127 184 153 123 343 080 341 045 311 320 048 113 353 114 135 114 088 098 129 145 130 324 359 078 093 110 040 110 077 091 108 138 089 098 279 305 331 094 121 034 105 129 149 149 143 138 139 133 -9999 -9999 199 097 067 146 -9999 -9999 -9999 -9999 -9999 -9999 -9999 -9999 -9999 -9999 -9999 -9999 -9999 -9999 -9999 -9999 -9999 -9999 -9999 -9999 -9999 -9999 -9999 -9999 -9999 -9999 -9999 -9999 -9999 -9999
075 099 039 038 010 037 106 081 019 341 319 327 077 111 126 131 177 192 188 128 027 305 014 054 021 092 110 111 122 145 085 097 356 001 089 108 289 333 103 118 034 107 137 181 151 155 155 139 140 144 -9999 -9999 231 144 108 -9999 -9999 -9999 -9999 -9999 -9999 -9999 -9999 -9999 -9999 -9999 -9999 -9999 -9999 -9999 -9999 -9999 -9999 -9999 -9999 -9999 -9999 -9999 -9999 -9999 -9999 -9999 -9999 -9999 -9999 -9999
060 063 110 077 000 000 116 324 038 314 327 092 113 127 131 083 105 201 144 291 044 314 336 009 096 112 120 128 353 115 129 065 041 077 087 306 018 018 104 053 113 119 097 000 133 104 155 154 128 104 110 097 036 080 101 -9999 -9999 -9999 -9999 -9999 -9999 -9999 -9999 -9999 -9999 -9999 -9999 -9999 -9999 -9999 -9999 -9999 -9999 -9999 -9999 -9999 -9999 -9999 -9999 -9999 -9999 -9999 -9999 -9999 -9999 -9999
109 125 073 009 355 090 343 340 007 021 021 113 135 143 148 120 108 336 254 322 330 021 104 109 112 112 147 063 138 120 077 077 117 120 318 347 080 113 062 114 118 142 087 091 052 121 052 207 109 132 163 153 136 137 -9999 -9999 -9999 -9999 -9999 -9999 -9999 -9999 -9999 -9999 -9999 -9999 -9999 -9999 -9999 -9999 -9999 -9999 -9999 -9999 -9999 -9999 -9999 -9999 -9999 -9999 -9999 -9999 -9999 -9999 -9999 -9999
