Supplementary_Data/FB_x64/TestFarsite/SampleData/Outputs/test_ArrivalTime.asc
NCOLS 401
NROWS 476
XLLCORNER -5994.000000
YLLCORNER -7142.000000
CELLSIZE 30.000000
NODATA_VALUE -9999.0
[rows 252 to 279 of 476, columns 124 to 185 of 401]
02031.173 01995.249 01986.292 01992.958 02013.985 01971.048 01920.283 01907.757 01896.962 01904.004 01949.008 01930.900 01928.607 01940.569 01907.471 01879.164 01832.231 01843.265 01883.502 01849.173 01832.897 01847.615 01887.031 01929.131 01966.828 01983.807 02006.149 02024.484 02044.421 02039.309 02047.142 02056.202 02076.728 02118.038 02159.117 02913.459 02950.599 02998.667 03046.948 03042.391 03048.508 03059.579 03058.707 03057.786 03066.770 03081.026 03128.900 03138.903 03146.650 03155.579 03178.821 03183.305 03183.539 03208.706 03257.223 03306.698 03249.710 03247.105 03246.291 03250.502 03260.964 03264.384
02001.438 01978.721 01967.179 01958.161 02012.036 01947.256 01895.860 01875.912 01866.312 01895.017 01916.728 01902.597 01919.577 01957.331 01862.148 01794.280 01786.434 01786.522 01808.552 01811.104 01813.848 01843.381 01873.540 01937.237 01992.840 02004.208 01996.834 02019.155 02026.479 02030.336 02035.338 02039.991 02069.564 02098.025 02134.687 02155.104 02921.781 02967.935 03021.452 03033.417 03041.237 03050.064 03050.847 03053.363 03062.657 03079.807 03105.423 03123.577 03126.687 03137.384 03155.874 03165.568 03189.593 03201.092 03227.677 03242.022 03241.292 03243.067 03244.910 03251.036 03260.097 03283.004
01963.534 01944.517 01919.216 01943.672 01998.332 01913.325 01857.798 01840.104 01837.163 01878.693 01867.455 01856.890 01874.776 01909.951 01777.971 01769.023 01770.724 01780.546 01789.534 01802.263 01819.188 01852.146 01902.846 01932.299 01964.704 01990.419 01986.182 01995.945 02015.069 02021.100 02025.956 02042.989 02069.081 02097.976 02131.364 02880.818 02921.480 02961.259 03012.711 03028.448 03034.948 03039.426 03041.388 03048.312 03059.122 03075.115 03095.125 03118.495 03117.793 03133.667 03157.487 03184.369 03181.187 03196.721 03213.336 03225.064 03232.052 03235.903 03247.863 03257.018 03272.179 03419.994
01915.251 01901.957 01906.421 01955.540 01993.592 01937.845 01845.897 01825.214 01820.184 01828.873 01780.625 01799.844 01810.372 01794.770 01758.498 01757.912 01765.471 01777.272 01796.434 01812.352 01857.455 01874.735 01869.930 01905.743 01943.028 01953.947 01957.091 01970.110 02001.414 02011.318 02031.067 02060.101 02089.009 02117.412 02144.270 02896.245 02935.655 02972.418 03009.980 03021.759 03035.290 03030.997 03032.549 03039.868 03051.212 03070.996 03116.063 03101.792 03115.169 03138.806 03164.874 03162.522 03177.350 03193.503 03208.007 03218.364 03227.068 03242.123 03271.339 03273.522 03297.613 03382.831
01879.825 01883.942 01928.815 01992.911 01917.485 01838.000 01824.845 01787.620 01770.238 01764.511 01757.982 01757.848 01740.276 01737.720 01744.015 01747.898 01763.387 01784.390 01843.453 01855.273 01849.545 01844.471 01853.946 01881.760 01912.909 01910.250 01910.712 01960.076 01995.866 02018.143 02057.323 02111.865 02122.136 02136.034 02898.296 02971.281 02982.127 03000.235 03002.291 03009.011 03035.187 03014.497 03019.359 03027.033 03039.667 03063.272 03086.130 03086.144 03111.881 03132.985 03143.767 03159.912 03175.227 03190.073 03204.393 03221.040 03235.461 03251.160 03270.534 03283.219 03300.201 03317.489
01867.656 01890.749 01937.498 01860.601 01773.404 01761.418 01763.162 01734.532 01725.966 01723.323 01720.303 01698.036 01703.302 01712.639 01715.646 01739.938 01761.971 01817.301 01820.967 01819.464 01825.984 01837.497 01848.365 01859.167 01884.429 01892.279 01937.437 01964.857 01998.537 02043.646 02125.505 02896.833 02151.736 02159.244 02898.050 02923.118 02979.516 02983.113 02966.554 02977.271 02989.806 02998.594 03005.475 03017.065 03031.359 03051.510 03071.428 03094.163 03114.244 03130.350 03145.868 03160.674 03182.566 03201.145 03216.667 03234.232 03253.808 03270.653 03288.569 03296.348 03307.847 03320.302
01879.453 01903.612 01819.095 01733.443 01721.294 01728.367 01721.462 01693.686 01685.519 01684.262 01677.142 01672.539 01689.064 01701.980 01724.984 01749.115 01793.475 01785.485 01777.116 01796.416 01811.929 01831.859 01848.811 01865.566 01885.480 01908.865 01954.884 01982.180 02056.962 02114.461 02124.883 02139.880 02137.341 02139.514 02141.359 02150.478 02934.305 02935.359 02937.777 02953.659 02969.443 02983.192 02996.570 03011.177 03024.150 03047.340 03077.845 03104.089 03126.473 03142.115 03157.692 03196.205 03222.563 03219.176 03227.980 03240.874 03252.857 03266.880 03285.304 03303.327 03316.206 03331.924
01814.890 01762.784 01699.325 01692.369 01701.280 01718.365 01724.472 01679.211 01664.090 01657.655 01661.225 01669.112 01688.361 01706.151 01713.503 01750.327 01755.297 01748.512 01766.099 01791.853 01821.732 01841.333 01858.968 01887.579 01915.992 01957.177 01978.472 02007.018 02035.944 02071.165 02114.999 02115.004 02122.978 02126.134 02127.853 02131.225 02154.267 02897.736 02918.650 02943.551 02962.750 02975.886 02994.373 03008.296 03031.772 03058.739 03086.568 03113.005 03149.953 03172.233 03185.578 03222.836 03257.767 03257.885 03256.735 03263.902 03271.022 03281.733 03297.532 03319.581 03378.655 03410.116
01700.665 01651.564 01650.654 01682.887 01705.999 01710.088 01720.781 01671.362 01651.815 01648.343 01651.639 01664.289 01681.536 01681.119 01707.039 01723.874 01733.603 01750.082 01765.458 01806.614 01839.790 01858.153 01909.822 01962.104 02020.536 02037.709 02019.239 02029.039 02049.273 02083.185 02096.420 02102.525 02108.389 02113.686 02112.399 02109.502 02129.816 02151.318 02903.727 02934.763 02960.604 02979.416 03000.250 03023.083 03047.899 03067.231 03089.907 03132.320 03198.769 03237.446 03219.263 03245.403 03263.777 03346.252 03318.499 03299.475 03298.578 03309.936 03443.213 03594.017 03461.140 03463.317
01635.223 01639.058 01634.494 01664.283 01694.367 01686.722 01684.378 01657.213 01642.040 01637.931 01635.698 01648.152 01658.766 01670.398 01700.982 01717.206 01742.246 01761.075 01809.586 01860.233 01908.985 01941.170 01976.400 02019.638 02082.822 02128.183 02109.085 02070.582 02063.106 02057.592 02075.765 02084.394 02124.123 02103.003 02094.832 02093.990 02120.779 02145.448 02893.578 02938.730 02967.803 02992.359 03017.227 03067.759 03092.116 03101.454 03192.076 03200.017 03289.737 03278.295 03263.576 03258.627 03274.602 03343.184 03413.569 03407.236 03404.481 04363.724 04442.430 03536.740 03457.299 03462.229
01594.610 01611.302 01617.362 01637.643 01662.650 01650.557 01648.353 01647.387 01632.827 01628.251 01630.537 01641.553 01654.111 01670.537 01712.990 01733.582 01753.599 01785.771 01833.568 01884.692 01877.701 01916.789 01957.939 02002.857 02058.582 02055.903 02038.578 02028.599 02037.658 02043.280 02053.834 02092.035 02146.698 02094.115 02080.146 02084.515 02116.588 02155.609 02913.851 02952.811 02993.657 03021.822 03039.901 03087.695 03146.818 03197.097 03171.647 03172.232 03223.226 03237.637 03294.799 03309.293 03310.158 03382.070 03431.306 03478.971 03580.879 03530.723 04326.677 03452.161 03433.080 03434.983
01563.165 01577.060 01584.216 01606.365 01628.403 01613.430 01624.919 01636.746 01623.386 01619.931 01626.137 01640.496 01659.814 01687.475 01700.301 01705.700 01735.310 01776.973 01834.577 01843.425 01858.127 01898.122 01943.623 02024.957 02092.470 02033.079 02011.530 02007.273 02024.277 02036.569 02074.689 02114.710 02906.965 02085.520 02048.339 02044.972 02101.538 02931.631 02944.168 02980.573 03006.243 03010.861 03038.901 03099.631 03137.662 03169.345 03154.669 03169.155 03197.500 03256.193 03350.152 03392.070 03391.044 03396.841 03402.225 03459.210 03458.688 03458.326 03435.772 03425.459 03430.566 03438.351
01551.785 01566.603 01568.938 01574.692 01600.767 01591.004 01593.706 01621.829 01613.829 01608.167 01623.157 01648.232 01675.409 01699.668 01680.070 01689.551 01736.303 01825.439 01831.955 01831.253 01842.999 01896.290 02013.550 02015.969 02073.997 02025.826 01998.323 02004.832 02024.516 02068.469 02152.736 02911.222 02150.108 02080.623 02035.327 02036.172 02062.675 02110.441 02922.648 02930.896 02928.817 02964.982 03017.857 03081.076 03108.691 03142.706 03144.918 03158.422 03193.023 03214.134 03291.907 03379.561 03384.433 03384.827 03412.357 03444.959 03446.890 03435.832 03424.021 03424.623 03432.823 03444.676
01549.910 01558.789 01562.925 01573.445 01593.183 01580.554 01581.353 01594.241 01597.611 01604.540 01619.186 01687.932 01708.065 01670.214 01662.406 01674.263 01747.045 01797.932 01816.869 01824.247 01840.559 01947.427 01935.958 01943.269 01998.258 01993.411 01983.471 02006.658 02031.442 02129.401 02134.020 02144.408 02055.807 02033.989 02024.817 02036.767 02072.609 02109.310 02136.517 02157.617 02942.774 02973.177 03041.509 03080.977 03105.484 03127.077 03136.362 03152.754 03184.253 03242.012 03316.453 03349.075 03349.390 03378.881 03433.511 03414.272 03415.734 03418.424 03418.441 03425.190 03442.831 03512.816
01551.444 01551.490 01556.146 01568.902 01588.793 01570.346 01568.737 01569.938 01583.005 01603.410 01648.444 01673.307 01678.464 01656.274 01651.767 01654.583 01704.986 01735.072 01754.947 01776.736 01802.161 01822.731 01834.694 01843.501 01929.072 01920.499 01921.927 01939.537 01959.885 01986.878 02006.334 02018.419 02016.864 02009.943 02021.679 02067.627 02129.580 02144.255 02883.333 02914.297 02964.635 03009.178 03062.848 03089.951 03113.832 03132.854 03148.389 03166.258 03196.851 03241.678 03295.757 03301.761 03314.304 03378.004 03382.686 03382.849 03388.157 03410.919 03418.182 03449.129 03552.984 04331.271
01539.962 01535.696 01547.522 01561.348 01576.831 01561.055 01558.326 01564.474 01582.018 01615.409 01670.622 01666.187 01664.708 01629.476 01632.791 01648.770 01685.756 01686.787 01700.903 01726.680 01741.614 01756.977 01783.607 01818.716 01850.279 01839.995 01863.066 01879.923 01905.531 01928.259 01962.494 01994.477 01995.592 02007.018 02024.973 02076.757 02112.193 02884.829 02947.027 02968.780 03018.551 03055.121 03115.421 03139.556 03138.312 03149.684 03167.004 03183.289 03201.111 03273.249 03271.344 03274.571 03314.534 03356.416 03361.889 03366.741 03386.603 03403.336 03423.822 03499.846 04331.286 04337.509
01528.319 01519.160 01543.190 01569.865 01558.025 01552.350 01546.851 01560.970 01589.891 01655.399 01672.495 01655.625 01652.977 01616.723 01614.730 01623.174 01645.321 01647.625 01670.482 01697.105 01711.600 01724.946 01763.251 01814.021 01814.264 01821.095 01851.531 01872.673 01900.005 01937.430 01978.468 01980.397 01994.185 02012.980 02040.925 02080.760 02111.307 02883.435 02925.788 03000.239 03032.016 03086.292 03158.547 03175.889 03171.269 03173.866 03188.151 03201.971 03240.948 03257.772 03261.947 03279.112 03312.955 03340.455 03350.169 03368.419 03386.365 03408.534 03488.334 03584.660 04320.200 04329.658
01512.157 01520.112 01563.575 01567.892 01550.778 01540.981 01516.634 01561.738 01631.303 01704.254 01651.233 01601.927 01609.518 01603.256 01605.823 01612.817 01628.509 01650.082 01663.947 01686.699 01700.006 01720.682 01767.453 01774.453 01773.039 01812.084 01845.419 01862.974 01907.999 01932.443 01946.294 01981.262 02001.489 02039.399 02070.831 02096.638 02122.766 02903.130 02985.238 03049.490 03088.152 03125.590 03187.684 03223.856 03201.270 03206.483 03212.787 03226.277 03241.262 03261.415 03273.476 03288.436 03311.165 03330.448 03353.480 03371.126 03387.467 03443.770 03553.220 03551.345 03557.402 04322.408
00660.999 01542.425 01666.289 01554.099 01511.919 01501.160 01504.424 01568.953 01659.776 01634.232 01574.649 01572.142 01582.216 01592.647 01600.399 01611.559 01633.722 01652.736 01675.164 01694.037 01713.986 01728.071 01750.594 01753.495 01768.281 01793.822 01830.163 01857.028 01893.779 01906.817 01958.142 01999.839 02067.650 02157.381 02880.526 02159.376 02907.575 02967.779 03055.275 03134.054 03175.992 03197.843 03221.634 03226.651 03234.327 03237.435 03242.078 03248.615 03280.705 03309.802 03302.114 03313.666 03329.226 03347.158 03367.923 03384.826 03402.526 03441.897 03466.052 03506.766 03523.928 03585.877
00607.340 01526.877 01524.600 01487.031 01470.088 01474.995 01486.514 01506.684 01554.566 01559.109 01558.043 01566.924 01578.514 01590.471 01604.492 01616.343 01633.724 01675.625 01694.002 01699.033 01710.763 01727.520 01742.119 01757.496 01770.880 01803.687 01822.166 01857.436 01899.895 01928.738 01993.023 02064.179 02144.006 02965.234 02992.859 02959.628 02961.626 03017.949 03108.415 03141.577 03171.715 03177.016 03189.115 03208.129 03233.432 03245.547 03265.198 03282.339 03299.024 03322.663 03340.512 03340.944 03353.937 03444.627 03404.165 03404.791 03422.206 03441.300 03465.758 03484.343 03538.355 03582.004
00622.309 01477.481 01470.500 00706.252 00691.498 00704.049 01441.051 01458.274 01497.893 01528.609 01550.804 01564.945 01580.664 01596.314 01612.342 01627.494 01644.428 01670.847 01685.875 01707.541 01722.289 01737.303 01752.403 01767.704 01798.046 01857.131 01856.880 01881.736 01919.831 01967.783 02034.171 02089.872 02158.312 02961.744 03046.423 03019.155 02999.123 03041.746 03090.191 03117.466 03138.248 03151.596 03192.352 03214.540 03241.823 03260.407 03278.573 03308.371 03329.647 03342.113 03360.832 03405.407 03501.051 03554.861 03488.065 03442.422 03443.553 03461.024 03478.517 03514.221 03551.815 03587.443
00715.178 01447.867 00689.095 00665.714 00664.716 00666.932 00681.902 00698.461 01443.348 01502.285 01551.351 01567.574 01585.747 01606.636 01628.752 01645.869 01663.534 01707.120 01729.456 01734.096 01740.253 01748.853 01764.590 01783.487 01813.082 01870.910 01921.130 01936.904 01954.714 02019.706 02111.793 02911.941 02941.761 02985.843 03077.653 03061.736 03056.993 03057.292 03084.164 03109.046 03135.519 03168.078 03206.332 03223.807 03240.455 03265.419 03289.129 03361.266 03416.543 03390.482 03390.598 03429.699 03464.406 03599.935 04376.829 04331.284 03473.593 03486.950 03515.658 03542.500 03575.628 04440.791
00640.467 00647.769 00639.331 00636.080 00639.535 00648.038 00663.879 00678.130 00699.568 01507.979 01553.862 01575.947 01595.724 01629.402 01672.350 01673.918 01697.324 01754.923 01762.028 01762.659 01767.338 01776.233 01795.412 01849.643 01896.944 01944.561 01987.177 01986.363 01999.179 02042.042 02110.054 02925.726 02993.271 03031.483 03090.888 03162.039 03133.362 03145.864 03161.045 03164.311 03165.518 03179.935 03204.735 03221.628 03238.975 03259.236 03308.907 03387.919 03438.546 03433.584 03434.663 03454.019 03571.284 03573.314 04350.966 04394.084 04362.724 03573.157 03564.239 03586.290 04389.958 04539.864
00582.659 00581.886 00580.638 00594.837 00613.113 00630.929 00646.832 00667.173 00706.888 01518.792 01570.972 01599.167 01614.153 01650.548 01696.633 01717.113 01735.479 01771.317 01789.428 01802.281 01823.063 01841.589 01861.227 01919.624 01954.607 01993.207 02030.367 02047.845 02038.569 02038.199 02092.931 02881.151 02947.313 03022.976 03109.367 03178.191 03242.948 03290.491 03217.467 03198.828 03228.341 03219.219 03227.695 03259.097 03272.010 03301.951 03363.933 03401.041 03417.071 03441.347 03463.540 03489.925 03528.883 03577.785 04342.168 04389.702 04375.904 04347.753 04338.963 04351.447 04437.762 04575.937
00541.445 00537.006 00535.400 00569.079 00590.046 00595.865 00637.062 00665.943 01448.965 01539.971 01611.929 01684.503 01679.533 01699.169 01715.028 01731.852 01766.133 01803.469 01811.305 01845.346 01877.447 01905.130 01920.125 01925.405 01954.627 01975.259 02004.082 02035.949 02050.466 02079.405 02118.318 02151.632 02958.034 03044.407 03126.204 03187.078 03228.114 03267.702 03256.010 03228.184 03258.263 03292.206 03265.327 03303.719 03329.717 03358.940 03369.407 03403.117 03431.891 03458.384 03480.893 03518.603 03557.787 03596.883 04365.017 04402.167 04384.527 04382.640 04384.839 04445.473 04554.172 04607.762
00496.325 00491.550 00510.896 00548.239 00573.697 00596.310 00634.820 00671.396 01486.595 01567.735 01624.253 01672.369 01716.917 01757.622 01767.954 01792.819 01830.354 01844.334 01860.456 01885.361 01890.809 01905.404 01928.332 01944.113 01962.277 01984.405 02013.654 02035.989 02061.411 02113.611 02884.546 02912.393 02997.583 03082.324 03152.744 03199.610 03218.798 03267.744 03295.743 03280.551 03271.216 03320.635 03302.633 03321.273 03344.998 03368.311 03391.436 03414.077 03440.937 03469.808 03503.254 03536.552 03570.920 04332.904 04382.752 04405.388 04430.779 04421.890 04432.644 04482.172 04552.941 04600.429
00465.434 00481.351 00491.929 00528.646 00572.202 00607.202 00650.470 00706.215 01504.021 01565.594 01612.000 01664.202 01707.707 01746.575 01780.283 01806.074 01866.572 01866.564 01898.832 01957.756 01930.399 01939.058 01971.017 02006.956 02018.526 02018.692 02024.829 02047.000 02095.121 02130.864 02921.152 03045.586 03045.204 03130.422 03192.665 03217.769 03230.710 03252.912 03294.797 03327.215 03362.674 03379.609 03354.327 03345.111 03367.833 03407.735 03469.808 03459.532 03474.951 03502.026 03530.630 03570.497 04328.417 04363.809 04402.112 04420.515 04460.678 04479.975 04472.037 04483.291 04547.256 04594.673
00462.497 00475.808 00488.721 00524.240 00571.985 00650.200 01440.523 01459.101 01495.553 01551.166 01603.712 01650.200 01698.263 01742.307 01775.895 01811.915 01828.117 01855.733 01899.535 01946.753 01996.260 02012.628 02022.543 02022.855 02032.765 02127.492 02117.057 02143.456 02897.076 02949.643 03009.025 03040.959 03116.770 03180.923 03184.444 03210.512 03223.333 03244.940 03281.833 03355.312 03407.800 03424.733 03396.826 03376.879 03406.596 03460.200 03599.086 03524.050 03573.247 04321.212 03586.925 04338.941 04369.456 04431.751 04457.782 04445.051 04484.102 04509.819 04518.904 04528.937 04564.379 04594.700
