Supplementary_Data/FB_x64/TestFarsite/SampleData/Outputs/test_Intensity.asc
NCOLS 401
NROWS 476
XLLCORNER -5994.000000
YLLCORNER -7142.000000
CELLSIZE 30.000000
NODATA_VALUE -9999.0
[rows 224 to 251 of 476, columns 0 to 61 of 401]
-9999.0 -9999.0 -9999.0 -9999.0 03595.302 01249.761 -9999.0 -9999.0 -9999.0 -9999.0 -9999.0 -9999.0 -9999.0 -9999.0 -9999.0 -9999.0 -9999.0 -9999.0 -9999.0 -9999.0 -9999.0 -9999.0 -9999.0 -9999.0 -9999.0 -9999.0 -9999.0 -9999.0 -9999.0 00012.094 00033.865 00007.125 00016.188 00005.430 00003.849 00018.471 00002.712 00002.821 00014.072 00157.350 00064.968 00040.966 00031.880 01122.896 01563.747 01181.258 01371.592 01339.562 01580.937 02094.634 00796.691 00951.477 01307.844 01994.221 00564.810 00040.453 00036.583 00031.954 00037.619 00030.121 00030.235 00034.049
-9999.0 -9999.0 -9999.0 -9999.0 -9999.0 02856.283 -9999.0 -9999.0 -9999.0 -9999.0 -9999.0 -9999.0 -9999.0 -9999.0 -9999.0 -9999.0 -9999.0 -9999.0 -9999.0 -9999.0 -9999.0 -9999.0 -9999.0 -9999.0 -9999.0 -9999.0 -9999.0 00003.542 00004.746 00021.441 00021.570 00011.267 00003.533 00004.233 00006.073 00003.878 01021.866 00011.072 04229.262 00011.695 00007.203 00899.037 00016.468 00459.735 00594.274 00452.957 00005.426 00753.416 00777.014 00611.326 00583.754 00355.855 00155.445 01165.441 02969.921 00053.272 00064.428 00063.027 00043.207 00039.158 00019.099 00018.998
-9999.0 -9999.0 -9999.0 -9999.0 -9999.0 -9999.0 -9999.0 -9999.0 -9999.0 -9999.0 -9999.0 -9999.0 -9999.0 -9999.0 -9999.0 -9999.0 -9999.0 -9999.0 -9999.0 -9999.0 -9999.0 -9999.0 -9999.0 00011.043 00086.702 00003.818 00004.791 00008.200 00006.426 00005.535 00004.828 00008.523 00270.226 00088.481 01483.786 01267.963 00047.727 00522.035 04188.222 01083.666 00900.293 00006.083 00094.615 00003.692 00338.868 00212.004 00711.278 00172.882 00387.203 00254.399 00011.615 00014.926 00013.567 00016.170 04943.299 00071.090 00073.622 00069.713 00069.809 00066.719 00031.145 00055.348
-9999.0 -9999.0 06249.873 -9999.0 -9999.0 04893.359 -9999.0 -9999.0 -9999.0 -9999.0 -9999.0 -9999.0 -9999.0 -9999.0 -9999.0 -9999.0 -9999.0 -9999.0 -9999.0 -9999.0 -9999.0 -9999.0 00014.030 00027.725 00006.545 00005.991 00018.498 00023.752 00026.121 00007.002 01623.981 00014.261 00012.811 00008.640 01108.973 03083.926 00436.374 02124.991 04841.171 00672.580 00014.765 00020.278 02778.576 00013.327 00007.941 00317.030 00006.308 00007.598 00060.196 00170.643 00151.337 00022.226 00014.262 00016.461 02897.407 02479.610 01676.754 00077.501 00067.481 00062.370 00029.351 00036.228
-9999.0 -9999.0 00433.761 -9999.0 03554.881 05657.646 00908.906 -9999.0 -9999.0 -9999.0 -9999.0 -9999.0 -9999.0 -9999.0 -9999.0 -9999.0 -9999.0 -9999.0 -9999.0 -9999.0 -9999.0 -9999.0 00012.193 00015.923 00004.441 00009.470 00024.809 00013.647 00031.704 00020.872 00009.521 00015.148 00015.655 00011.981 00369.098 00295.425 00457.572 00944.973 02629.253 00100.536 00228.575 00432.896 05202.001 00805.300 00020.023 00007.318 00017.726 00022.149 00011.684 00233.315 00373.000 00012.135 00017.961 00010.771 00044.008 00118.443 00105.625 00078.611 00073.183 00042.255 00012.664 00019.369
-9999.0 -9999.0 -9999.0 -9999.0 02303.585 05603.831 -9999.0 -9999.0 -9999.0 -9999.0 -9999.0 -9999.0 -9999.0 -9999.0 -9999.0 -9999.0 -9999.0 -9999.0 -9999.0 -9999.0 -9999.0 00016.104 00020.851 00005.774 00013.173 00005.452 00013.871 00016.187 00012.294 00006.783 00034.894 00020.109 00883.753 00008.819 00019.299 00190.683 00037.066 00016.625 00008.807 00157.290 00014.657 00528.498 01731.015 00505.541 00008.075 00025.986 00024.968 00034.494 00031.693 00031.839 00012.736 00010.043 00017.582 00043.797 00126.969 00124.979 00134.853 00100.509 00064.079 00009.727 00019.351 00029.223
-9999.0 -9999.0 -9999.0 -9999.0 -9999.0 04889.128 00581.188 -9999.0 -9999.0 -9999.0 -9999.0 -9999.0 -9999.0 -9999.0 -9999.0 -9999.0 -9999.0 -9999.0 -9999.0 -9999.0 00007.373 00018.159 00011.152 00016.791 00024.472 00003.091 00013.451 00006.402 00009.936 00012.482 00023.847 00020.811 00012.969 00016.391 00030.667 00029.504 00015.687 00017.236 00016.033 04428.500 02189.564 00380.023 00370.706 00006.155 00018.759 00026.082 00034.760 00028.108 05144.684 00045.642 00028.855 00015.415 00013.026 00067.934 00218.288 00133.771 00135.946 00086.719 00052.516 00028.089 00116.392 00016.523
-9999.0 -9999.0 -9999.0 -9999.0 -9999.0 00720.916 04303.381 03588.014 -9999.0 -9999.0 -9999.0 -9999.0 -9999.0 -9999.0 -9999.0 -9999.0 -9999.0 -9999.0 -9999.0 -9999.0 -9999.0 00023.311 00011.996 00020.645 00023.820 00020.147 00003.611 00004.640 00008.103 00007.597 00008.858 00021.466 00009.440 00016.662 00020.730 00032.587 00007.819 00016.338 00018.657 00014.903 00118.115 00304.568 00008.481 00017.825 00017.042 00030.095 00032.597 00031.743 03077.361 00040.120 00042.892 00047.903 00009.686 00049.239 00050.463 03560.620 00124.588 00055.045 00042.635 00099.175 00108.208 00022.622
-9999.0 03314.696 -9999.0 01323.563 00944.624 -9999.0 02607.682 02751.471 -9999.0 00009.007 -9999.0 -9999.0 -9999.0 -9999.0 -9999.0 -9999.0 -9999.0 -9999.0 10555.848 00323.803 00038.199 00028.147 00015.204 00026.760 00019.509 00015.424 00003.824 -9999.0 00590.958 00009.321 00003.856 00030.348 00005.681 00061.148 00251.130 00047.466 00004.614 01235.644 00027.048 00031.929 03122.993 00007.731 00020.173 00020.283 00016.297 00027.125 00034.512 00030.407 00026.831 00030.065 00031.470 00031.937 00008.908 00011.093 00015.669 05081.875 00049.731 00029.861 00023.614 00089.874 00107.152 00098.624
-9999.0 03778.938 01414.299 01641.459 02478.569 00825.815 02250.013 00967.587 -9999.0 03904.947 -9999.0 -9999.0 -9999.0 -9999.0 -9999.0 -9999.0 -9999.0 -9999.0 03737.721 00032.539 08421.753 02355.923 00016.259 00026.473 00047.854 00011.077 -9999.0 00019.606 02056.458 00015.527 00020.479 00017.082 00042.599 00042.978 03084.377 00052.666 00010.964 00207.133 00029.231 00023.512 00257.264 00026.580 00031.345 00020.381 00018.453 00022.766 00032.161 00034.408 02668.342 00057.297 00023.014 00017.413 00010.450 00009.401 00014.316 00026.059 00012.632 00024.315 00007.947 00086.863 00082.105 00097.495
-9999.0 04191.565 02213.225 01200.944 01708.313 01769.746 02874.110 00838.085 -9999.0 -9999.0 -9999.0 -9999.0 -9999.0 -9999.0 -9999.0 -9999.0 -9999.0 -9999.0 00335.813 00032.375 00022.468 00021.370 00011.314 00034.284 00052.780 00053.548 00049.222 00008.050 00010.117 00007.035 00023.510 00046.045 00024.269 00030.427 00047.752 00047.672 00045.507 00032.630 00016.729 00014.417 00030.290 00030.861 00021.183 00025.913 00018.794 00018.707 00021.192 00029.999 00504.311 00022.952 00020.889 00009.822 00009.020 00008.663 00009.780 02427.467 00005.268 00014.804 00005.321 00082.920 00061.349 00086.594
-9999.0 04628.977 03455.467 01362.115 00178.125 -9999.0 03817.691 01665.193 00070.805 -9999.0 -9999.0 01014.227 -9999.0 -9999.0 -9999.0 -9999.0 -9999.0 -9999.0 00017.798 00021.184 00019.082 00014.565 00009.400 00054.170 00156.322 00055.451 01083.021 00013.217 00048.626 00007.656 00034.185 00011.953 00043.293 00023.064 00032.373 00037.564 00049.034 00049.880 00051.203 00021.683 01563.454 00026.559 00017.080 00021.501 00020.119 00014.103 00015.807 00019.481 00018.574 00023.923 00011.744 01776.703 00016.762 00032.239 02336.325 02543.618 00004.809 00006.060 00014.645 00005.260 00060.987 00081.057
04378.104 03250.320 04250.815 02851.720 00771.348 06714.217 06586.676 03618.640 02800.296 02962.162 01049.123 -9999.0 -9999.0 -9999.0 -9999.0 -9999.0 -9999.0 00009.220 00010.954 00008.439 00017.719 00344.293 00009.659 00008.161 00008.459 00008.940 00012.802 00005.064 00110.974 00016.639 00036.784 00010.642 00020.666 00010.113 00015.376 00019.162 00033.361 00038.583 00046.661 00031.300 00046.736 00022.253 00035.807 00011.994 00013.630 00023.190 00025.129 00009.853 00013.414 00037.408 00019.440 02115.795 00032.629 00024.986 00344.872 00905.065 00016.098 00006.757 00701.039 00004.577 00063.863 00061.468
-9999.0 03156.730 03265.585 03487.228 04460.736 05158.292 04805.711 05225.189 07230.790 05968.960 02602.231 00175.259 -9999.0 -9999.0 -9999.0 -9999.0 -9999.0 00336.236 00007.824 00012.106 00013.529 00020.653 00031.042 00033.918 05816.889 03105.449 00003.828 00005.771 00007.608 00007.622 03279.081 00137.738 00017.344 00042.866 00037.783 00013.864 00026.170 00025.017 00027.548 00034.412 00022.574 00014.257 00033.201 00006.120 00006.826 00025.467 00033.798 00566.938 00010.091 00039.240 00026.019 00115.370 00027.945 00032.974 00034.195 00144.579 00109.414 00295.569 00057.131 00006.720 00007.056 00120.981
-9999.0 -9999.0 02342.006 02395.352 03177.022 02759.173 02968.218 02730.843 01458.080 04819.221 06070.771 00208.356 -9999.0 -9999.0 -9999.0 -9999.0 -9999.0 00006.894 00007.506 00025.406 00058.164 00035.524 00029.396 00032.786 04388.820 03706.123 00589.703 00014.042 00004.952 00004.508 00010.243 01526.591 00006.483 00027.423 00073.602 00010.970 00030.756 00020.881 00022.830 00007.878 00008.622 00007.953 00014.784 00024.240 00029.553 00026.787 00028.319 00018.897 00016.589 00015.428 00009.879 00020.670 00022.465 00031.508 00032.602 00089.168 00036.020 03805.595 00056.369 00025.991 00096.658 00101.123
-9999.0 -9999.0 -9999.0 -9999.0 01361.108 01909.038 01846.715 01708.289 00244.197 00208.777 00434.524 00428.001 -9999.0 -9999.0 -9999.0 -9999.0 00009.861 00007.924 00045.050 00041.873 00034.509 00020.064 00014.114 00012.531 00036.599 03486.735 04273.192 00037.763 00212.768 00011.495 00003.719 00005.197 00002.999 00078.097 00204.811 00018.783 04283.056 00016.291 00018.841 00029.565 00013.289 00017.108 00028.873 00019.668 00024.812 00020.025 00015.653 00013.724 00008.005 00023.305 00012.175 00015.954 00036.102 00028.043 00103.618 00176.289 01469.524 02818.927 00147.725 00076.819 00340.696 00193.266
-9999.0 -9999.0 -9999.0 -9999.0 -9999.0 03283.562 01719.601 04151.017 04408.447 01765.185 01196.898 -9999.0 -9999.0 -9999.0 -9999.0 -9999.0 00008.403 00008.298 00407.475 00182.653 00025.550 00030.694 00013.151 00011.472 00034.318 02806.400 02905.606 02005.978 00127.892 00012.892 01476.529 00010.041 00004.493 00006.250 00003.500 00013.096 00289.531 00010.788 04299.692 06615.580 00014.313 00012.369 00017.901 00233.715 00019.307 00013.340 00037.922 00016.814 00007.827 00023.571 00010.491 00015.655 00033.508 00039.336 00071.638 00153.153 01653.841 01879.972 00047.277 00055.806 00604.106 01416.459
-9999.0 -9999.0 -9999.0 -9999.0 -9999.0 -9999.0 04607.261 05288.683 01160.542 01599.922 -9999.0 -9999.0 -9999.0 -9999.0 -9999.0 -9999.0 -9999.0 00009.871 00651.694 00030.451 03667.139 00032.838 00023.148 00510.871 00029.031 01381.133 01745.547 01324.973 03149.536 00003.861 01087.585 00014.126 02301.010 00004.683 00006.073 00004.435 00002.762 04966.671 08001.411 01304.177 00013.694 00008.621 02232.261 00014.399 02258.667 00035.134 00030.515 00021.187 00023.871 00031.328 00011.692 00014.531 00020.130 00032.529 00067.697 00109.165 00152.509 00093.256 00047.897 00048.115 00041.177 00183.865
-9999.0 -9999.0 -9999.0 -9999.0 -9999.0 -9999.0 00422.191 02682.078 02820.319 02765.652 00779.989 -9999.0 -9999.0 -9999.0 -9999.0 -9999.0 -9999.0 00010.333 00013.836 00027.248 01150.286 00030.692 00038.109 00018.397 00052.761 00029.797 00709.062 00997.458 00385.206 03417.447 00438.946 00012.325 02637.449 00009.033 01586.087 00708.909 00004.318 00005.884 00005.657 00006.655 00011.926 00007.136 01026.625 00172.297 00009.000 04145.657 01283.333 00012.845 00021.551 00023.885 00011.164 00017.231 00014.003 02037.372 00141.403 00145.681 00083.134 00055.530 00046.021 00066.278 00058.797 00054.523
-9999.0 -9999.0 -9999.0 -9999.0 -9999.0 -9999.0 -9999.0 00560.417 00789.750 01399.739 02109.168 02617.027 00142.303 -9999.0 -9999.0 -9999.0 -9999.0 00005.823 02176.229 00012.406 00012.382 00028.136 00033.659 00016.593 00010.224 00042.921 00038.725 00858.426 00019.872 02367.442 02303.527 00769.438 00009.083 00011.958 03403.677 02585.790 00676.079 00243.957 00003.929 00007.183 00010.128 00006.586 00322.196 00258.481 00348.200 00008.634 00010.736 00015.837 00023.087 00022.856 00011.132 00015.939 00017.843 00074.796 00759.159 00150.982 00137.749 00103.080 00079.140 00064.407 00058.634 00054.489
-9999.0 -9999.0 -9999.0 -9999.0 -9999.0 -9999.0 -9999.0 -9999.0 -9999.0 -9999.0 00217.648 00900.076 00442.437 -9999.0 -9999.0 -9999.0 -9999.0 -9999.0 00003.955 00009.001 00152.616 00459.654 00021.170 00006.094 00008.695 00017.629 00076.181 00016.778 00016.679 01305.657 01595.171 02667.164 00099.834 00023.168 00012.515 03663.922 03471.105 00679.309 00190.029 00005.135 00007.015 00202.766 00295.108 00464.800 00419.906 00438.840 00164.608 00005.455 05162.167 00026.111 00014.430 00016.164 00017.047 00067.492 00153.603 01668.425 00110.665 00096.666 00071.266 00441.510 00051.204 00046.791
-9999.0 -9999.0 -9999.0 -9999.0 -9999.0 -9999.0 -9999.0 -9999.0 -9999.0 -9999.0 -9999.0 -9999.0 -9999.0 -9999.0 -9999.0 -9999.0 -9999.0 00006.897 00025.591 00016.589 00015.775 00022.670 00098.315 00021.155 00019.352 00010.783 00026.621 00459.925 00213.517 00012.130 00611.766 00895.525 00830.316 01992.313 02410.472 00038.417 02942.954 02455.633 00124.701 00308.939 00005.377 00002.730 00156.571 00185.213 00024.178 00085.452 00054.912 00714.833 05104.619 02284.997 00020.008 00016.871 00024.555 00114.442 00050.999 00486.794 00092.937 00095.322 00066.154 00579.542 00063.361 00032.932
-9999.0 -9999.0 -9999.0 -9999.0 -9999.0 -9999.0 -9999.0 -9999.0 -9999.0 -9999.0 -9999.0 01864.788 00438.730 00003.259 -9999.0 -9999.0 -9999.0 -9999.0 00018.260 00018.923 00017.426 00740.842 00023.631 00644.297 00016.014 00038.038 00035.454 00031.718 00030.906 00008.480 00007.526 00008.353 00008.315 00008.104 00010.665 00021.076 01854.764 01131.194 00442.812 00019.550 00038.096 00007.496 00124.019 00308.992 00248.217 00038.336 00048.418 00066.674 00063.698 00011.271 00021.267 00016.115 00034.091 00092.472 00072.113 00060.605 00075.234 00080.226 00051.587 00072.084 00083.597 00091.198
-9999.0 -9999.0 -9999.0 -9999.0 -9999.0 -9999.0 -9999.0 -9999.0 -9999.0 -9999.0 -9999.0 -9999.0 01814.904 03066.094 00012.575 00018.027 00015.830 00022.367 00027.950 00005.536 00021.257 01139.194 00023.750 00031.805 00022.006 00021.278 00028.969 00028.044 00032.752 00013.284 00019.035 00028.017 00025.096 00016.009 00023.136 00033.453 00013.889 00082.552 00123.817 00040.253 00026.547 00013.108 00003.453 00260.526 00044.746 00053.781 00198.223 00050.504 00056.105 00066.008 00068.828 00061.463 00069.060 00036.648 00041.656 00088.473 00043.117 00031.466 00081.118 00078.544 00072.490 00079.023
-9999.0 -9999.0 -9999.0 -9999.0 -9999.0 -9999.0 -9999.0 -9999.0 -9999.0 -9999.0 -9999.0 -9999.0 00005.592 04256.653 03826.954 00022.290 00029.524 00037.473 00039.021 00036.264 00015.230 00025.463 00027.498 02647.831 00020.364 00020.175 00016.205 00021.827 00008.178 00040.832 00018.444 00022.746 00026.688 00018.595 00028.607 00024.851 00027.736 00039.821 02284.566 00022.756 00033.262 00013.608 00002.842 00785.639 00034.068 00327.571 01144.070 00042.098 00054.958 00066.763 00069.362 00063.848 00067.849 00042.474 00060.976 00078.032 00065.826 00077.762 00078.794 00068.826 00063.626 00060.269
-9999.0 -9999.0 -9999.0 -9999.0 -9999.0 -9999.0 -9999.0 -9999.0 -9999.0 -9999.0 -9999.0 -9999.0 -9999.0 00278.144 00481.709 00015.616 00031.198 00043.207 00047.695 00048.019 00043.162 00047.079 00024.834 00019.571 00031.660 00017.648 00027.506 02431.720 04665.625 01260.312 00035.204 00017.877 00023.087 00014.521 00022.076 00035.394 00035.832 00172.884 01953.272 00274.738 00010.023 00005.766 00003.938 00183.478 00018.692 00131.984 00063.287 00037.891 00043.171 00060.851 00075.550 00081.005 00083.902 00079.277 00079.281 00052.594 00046.547 00070.882 00069.304 00085.028 00060.189 00063.474
-9999.0 -9999.0 -9999.0 -9999.0 -9999.0 -9999.0 -9999.0 -9999.0 -9999.0 -9999.0 -9999.0 -9999.0 -9999.0 -9999.0 -9999.0 00010.109 00021.323 00036.035 00042.071 00054.981 00027.348 00029.231 00017.809 00022.587 00027.398 00016.022 00024.876 00032.134 03014.975 00023.986 00123.534 00021.222 00007.087 00026.038 00025.758 00020.576 00132.905 00549.416 00329.568 00019.978 00011.086 00005.948 00003.982 00065.298 00011.317 00115.244 00059.685 00079.547 00038.459 00048.580 00074.236 00083.593 00092.821 00093.976 00093.751 00103.230 00098.330 00071.188 00073.986 00553.941 00065.268 00053.484
-9999.0 -9999.0 -9999.0 -9999.0 -9999.0 -9999.0 -9999.0 -9999.0 -9999.0 -9999.0 -9999.0 -9999.0 -9999.0 -9999.0 -9999.0 00004.117 00011.863 02629.418 07463.582 00024.251 00024.734 00055.437 00022.732 00040.126 00019.545 00055.319 00038.655 03382.742 00027.101 00189.307 00395.011 00015.665 00015.326 00012.040 00028.031 00796.771 00087.980 00049.600 00018.254 02290.957 00007.737 00006.407 00003.291 00003.649 00186.698 00058.191 00027.793 00101.534 00035.225 00040.534 00061.000 00943.126 01663.742 00129.491 01424.136 00082.567 00079.926 00074.076 00434.390 01372.840 00208.290 00081.883
