Supplementary_Data/FB_x64/TestFarsite/SampleData/Outputs/test_SpreadRate.asc
NCOLS 401
NROWS 476
XLLCORNER -5994.000000
YLLCORNER -7142.000000
CELLSIZE 30.000000
NODATA_VALUE -9999.0
[rows 96 to 127 of 476, columns 144 to 215 of 401]
-9999.0 -9999.0 -9999.0 -9999.0 -9999.0 -9999.0 -9999.0 -9999.0 -9999.0 -9999.0 -9999.0 -9999.0 -9999.0 -9999.0 -9999.0 -9999.0 -9999.0 -9999.0 -9999.0 -9999.0 -9999.0 -9999.0 -9999.0 -9999.0 -9999.0 -9999.0 -9999.0 -9999.0 -9999.0 -9999.0 -9999.0 -9999.0 -9999.0 -9999.0 -9999.0 -9999.0 -9999.0 00.30 01.19 00.71 00.95 00.51 00.49 01.50 01.48 01.58 02.82 03.24 02.40 02.82 02.53 02.35 01.05 02.15 06.43 06.26 02.52 06.63 09.40 03.29 07.67 10.52 09.98 09.61 04.57 00.73 01.75 01.85 07.84 04.89 03.11 08.17
-9999.0 -9999.0 -9999.0 -9999.0 -9999.0 -9999.0 -9999.0 -9999.0 -9999.0 -9999.0 -9999.0 -9999.0 -9999.0 -9999.0 -9999.0 -9999.0 -9999.0 -9999.0 -9999.0 -9999.0 -9999.0 -9999.0 -9999.0 -9999.0 -9999.0 -9999.0 -9999.0 -9999.0 -9999.0 -9999.0 -9999.0 -9999.0 -9999.0 -9999.0 -9999.0 -9999.0 -9999.0 00.30 01.09 01.26 01.37 01.35 01.57 02.12 01.31 01.24 02.33 01.78 01.89 02.40 01.49 01.16 00.71 02.31 05.95 06.47 04.29 08.07 09.01 03.34 09.19 10.35 09.67 09.03 -9999.0 -9999.0 00.22 02.38 03.34 02.06 07.45 08.90
-9999.0 -9999.0 -9999.0 -9999.0 -9999.0 -9999.0 -9999.0 -9999.0 -9999.0 -9999.0 -9999.0 -9999.0 -9999.0 -9999.0 -9999.0 -9999.0 -9999.0 -9999.0 -9999.0 -9999.0 -9999.0 -9999.0 -9999.0 -9999.0 -9999.0 -9999.0 -9999.0 -9999.0 -9999.0 -9999.0 -9999.0 -9999.0 -9999.0 -9999.0 -9999.0 00.69 00.37 00.33 00.66 01.35 01.21 01.56 01.59 03.06 02.22 01.23 01.77 01.78 06.64 03.62 01.42 00.65 00.38 03.23 04.10 04.20 04.90 08.05 08.48 04.03 08.47 09.27 09.67 07.77 00.89 -9999.0 -9999.0 05.36 00.26 02.53 07.65 07.82
-9999.0 -9999.0 -9999.0 -9999.0 -9999.0 -9999.0 -9999.0 -9999.0 -9999.0 -9999.0 -9999.0 -9999.0 -9999.0 -9999.0 -9999.0 -9999.0 -9999.0 -9999.0 -9999.0 -9999.0 -9999.0 -9999.0 -9999.0 -9999.0 -9999.0 -9999.0 -9999.0 -9999.0 -9999.0 -9999.0 -9999.0 -9999.0 -9999.0 -9999.0 00.32 00.36 00.91 00.43 01.73 01.99 01.19 01.32 01.82 02.96 01.36 02.96 01.00 02.25 05.08 02.98 03.49 00.67 01.25 04.60 11.94 08.99 05.51 05.37 05.89 04.90 08.93 09.57 08.45 06.46 05.40 04.49 07.51 03.81 09.23 01.87 07.12 04.86
-9999.0 -9999.0 -9999.0 -9999.0 -9999.0 -9999.0 -9999.0 -9999.0 -9999.0 -9999.0 -9999.0 -9999.0 -9999.0 -9999.0 -9999.0 -9999.0 -9999.0 -9999.0 -9999.0 -9999.0 -9999.0 -9999.0 -9999.0 -9999.0 -9999.0 -9999.0 -9999.0 -9999.0 -9999.0 -9999.0 -9999.0 -9999.0 -9999.0 00.32 00.34 00.43 00.64 02.05 01.99 02.20 01.20 01.14 02.02 03.07 04.37 05.25 00.32 02.43 03.38 03.88 08.65 03.78 02.67 06.59 06.78 02.44 06.29 04.39 02.76 08.19 09.80 08.94 06.48 05.18 04.01 09.43 00.29 04.28 07.36 04.94 05.34 04.03
-9999.0 -9999.0 -9999.0 -9999.0 -9999.0 -9999.0 -9999.0 -9999.0 -9999.0 -9999.0 -9999.0 -9999.0 -9999.0 -9999.0 -9999.0 -9999.0 -9999.0 -9999.0 -9999.0 -9999.0 -9999.0 -9999.0 -9999.0 -9999.0 -9999.0 -9999.0 -9999.0 -9999.0 -9999.0 -9999.0 -9999.0 -9999.0 -9999.0 00.30 00.91 01.29 01.20 02.12 02.36 02.10 01.31 00.98 01.91 02.59 03.47 03.49 00.28 04.22 02.80 06.57 08.80 05.90 06.17 04.93 03.32 03.26 06.82 03.47 02.28 09.22 10.09 06.22 04.34 03.59 07.63 08.85 07.63 06.45 05.39 04.36 03.59 03.23
-9999.0 -9999.0 -9999.0 -9999.0 -9999.0 -9999.0 -9999.0 -9999.0 -9999.0 -9999.0 -9999.0 -9999.0 -9999.0 -9999.0 -9999.0 -9999.0 -9999.0 -9999.0 -9999.0 -9999.0 -9999.0 -9999.0 -9999.0 -9999.0 -9999.0 -9999.0 -9999.0 -9999.0 -9999.0 -9999.0 -9999.0 -9999.0 -9999.0 00.27 00.91 01.41 01.55 01.97 02.42 01.43 01.47 01.59 01.67 02.33 03.67 01.45 01.50 03.82 05.20 07.97 07.15 05.05 04.10 03.30 03.21 03.92 05.59 03.69 07.48 09.47 09.35 06.81 02.61 07.51 08.85 07.46 06.53 05.02 03.48 03.16 02.75 02.04
-9999.0 -9999.0 -9999.0 -9999.0 -9999.0 -9999.0 -9999.0 -9999.0 -9999.0 -9999.0 -9999.0 -9999.0 -9999.0 -9999.0 -9999.0 -9999.0 -9999.0 -9999.0 -9999.0 -9999.0 -9999.0 -9999.0 -9999.0 -9999.0 -9999.0 -9999.0 -9999.0 -9999.0 -9999.0 -9999.0 -9999.0 -9999.0 -9999.0 00.42 00.73 01.14 01.43 01.60 01.64 01.30 01.96 02.35 02.28 02.02 04.10 00.25 02.67 03.83 05.47 07.85 02.70 02.82 03.77 03.93 07.46 08.91 04.45 04.30 09.54 09.36 08.30 00.08 02.26 06.42 07.31 06.59 04.63 03.22 02.64 02.43 01.56 03.18
-9999.0 -9999.0 -9999.0 -9999.0 -9999.0 -9999.0 -9999.0 -9999.0 -9999.0 -9999.0 -9999.0 -9999.0 -9999.0 -9999.0 -9999.0 -9999.0 -9999.0 -9999.0 -9999.0 -9999.0 -9999.0 -9999.0 -9999.0 -9999.0 -9999.0 -9999.0 -9999.0 -9999.0 -9999.0 -9999.0 -9999.0 -9999.0 -9999.0 00.40 00.42 00.64 01.22 01.35 01.53 01.37 01.86 02.27 02.03 00.94 02.47 00.64 02.57 03.92 06.09 07.42 02.17 06.65 05.12 05.98 07.33 06.79 03.89 07.67 08.38 08.46 06.50 03.57 04.70 07.15 06.48 05.66 01.12 07.17 03.52 00.93 06.51 06.09
-9999.0 -9999.0 -9999.0 -9999.0 -9999.0 -9999.0 -9999.0 -9999.0 -9999.0 -9999.0 -9999.0 -9999.0 -9999.0 -9999.0 -9999.0 -9999.0 -9999.0 -9999.0 -9999.0 -9999.0 -9999.0 -9999.0 -9999.0 -9999.0 -9999.0 -9999.0 -9999.0 -9999.0 -9999.0 -9999.0 -9999.0 -9999.0 -9999.0 -9999.0 00.37 00.48 00.97 01.17 01.43 01.29 01.72 02.13 01.76 03.33 03.00 00.28 02.33 04.17 06.03 02.76 06.66 06.63 05.04 04.12 07.02 03.88 03.86 04.65 06.82 06.67 04.47 04.98 06.94 06.32 05.52 04.63 03.16 02.34 02.99 -9999.0 05.66 04.52
-9999.0 -9999.0 -9999.0 -9999.0 -9999.0 -9999.0 -9999.0 -9999.0 -9999.0 -9999.0 -9999.0 -9999.0 -9999.0 -9999.0 -9999.0 -9999.0 -9999.0 -9999.0 -9999.0 -9999.0 -9999.0 -9999.0 -9999.0 -9999.0 -9999.0 -9999.0 -9999.0 -9999.0 -9999.0 -9999.0 -9999.0 -9999.0 00.65 00.34 00.35 01.14 01.03 01.02 01.42 01.29 01.99 02.44 01.01 03.19 02.71 01.30 01.94 04.52 04.93 03.28 06.11 05.79 04.11 07.04 06.11 06.49 09.76 04.83 05.79 03.87 03.32 06.68 06.13 05.25 04.44 04.03 02.40 01.78 02.25 07.67 03.24 02.39
-9999.0 -9999.0 -9999.0 -9999.0 -9999.0 -9999.0 -9999.0 -9999.0 -9999.0 -9999.0 -9999.0 -9999.0 -9999.0 -9999.0 -9999.0 -9999.0 -9999.0 -9999.0 -9999.0 -9999.0 -9999.0 -9999.0 -9999.0 -9999.0 -9999.0 -9999.0 -9999.0 -9999.0 -9999.0 -9999.0 -9999.0 -9999.0 00.62 00.67 00.80 01.01 01.43 01.28 01.31 01.31 01.82 01.77 00.64 02.62 02.85 00.83 00.88 04.63 05.28 04.07 04.29 03.11 06.18 04.49 05.03 08.51 07.64 04.91 03.60 06.72 06.70 06.03 05.12 04.27 04.00 03.78 00.11 00.00 02.47 03.35 02.02 01.66
-9999.0 -9999.0 -9999.0 -9999.0 -9999.0 -9999.0 -9999.0 -9999.0 -9999.0 -9999.0 -9999.0 -9999.0 -9999.0 -9999.0 -9999.0 -9999.0 -9999.0 -9999.0 -9999.0 -9999.0 -9999.0 -9999.0 -9999.0 -9999.0 -9999.0 -9999.0 -9999.0 -9999.0 -9999.0 -9999.0 -9999.0 -9999.0 00.31 01.06 03.38 00.54 01.33 01.46 01.26 01.63 01.47 01.81 01.18 01.85 01.39 00.49 03.39 04.73 05.42 03.86 02.84 05.03 05.29 06.73 08.86 08.63 04.64 05.59 06.40 06.52 06.02 04.89 04.19 03.83 03.50 03.31 03.37 00.09 04.10 00.07 -9999.0 01.84
-9999.0 -9999.0 -9999.0 -9999.0 -9999.0 00.33 00.34 00.43 -9999.0 -9999.0 -9999.0 -9999.0 -9999.0 -9999.0 -9999.0 -9999.0 -9999.0 -9999.0 -9999.0 -9999.0 -9999.0 -9999.0 -9999.0 -9999.0 -9999.0 -9999.0 01.39 -9999.0 -9999.0 -9999.0 00.91 00.83 00.33 02.03 03.35 00.71 01.28 01.42 01.56 01.50 02.55 01.58 01.85 01.58 01.92 01.78 03.44 04.75 07.82 03.67 03.93 03.59 06.33 09.33 09.92 05.66 03.04 04.18 06.06 05.68 04.64 03.99 03.65 03.39 03.07 02.92 02.27 02.18 00.42 01.92 00.96 02.24
-9999.0 -9999.0 -9999.0 00.82 00.34 00.86 00.89 00.79 -9999.0 -9999.0 -9999.0 -9999.0 -9999.0 -9999.0 -9999.0 -9999.0 -9999.0 -9999.0 -9999.0 -9999.0 -9999.0 -9999.0 -9999.0 -9999.0 -9999.0 01.82 01.67 01.54 -9999.0 -9999.0 00.33 00.35 00.37 02.72 03.11 03.73 01.08 01.09 01.57 01.26 03.40 00.48 03.06 00.40 01.83 02.36 03.35 04.52 05.65 03.30 03.20 07.26 08.82 09.72 07.97 04.08 04.52 03.31 05.12 04.48 03.72 03.42 03.15 02.93 02.72 00.02 01.13 02.01 -9999.0 01.23 01.49 01.55
-9999.0 -9999.0 -9999.0 00.69 00.55 00.71 01.85 00.52 -9999.0 -9999.0 -9999.0 -9999.0 -9999.0 -9999.0 -9999.0 -9999.0 -9999.0 -9999.0 -9999.0 -9999.0 -9999.0 -9999.0 -9999.0 -9999.0 01.23 01.83 01.87 01.76 00.77 -9999.0 00.30 01.02 01.83 02.96 02.82 02.28 01.91 00.84 01.01 01.02 02.15 00.65 02.90 00.87 01.91 02.46 03.20 04.85 01.36 02.60 05.52 08.39 09.39 09.27 05.84 04.69 04.14 04.04 03.90 03.39 03.11 02.85 02.59 02.33 02.39 02.23 03.21 -9999.0 03.98 -9999.0 00.60 00.17
-9999.0 -9999.0 00.81 00.33 02.03 02.40 02.63 01.72 00.21 -9999.0 -9999.0 -9999.0 -9999.0 -9999.0 -9999.0 -9999.0 -9999.0 -9999.0 -9999.0 -9999.0 -9999.0 -9999.0 -9999.0 01.37 01.25 01.31 01.70 01.20 00.91 00.52 00.63 00.49 01.68 01.98 01.92 02.33 01.70 00.58 00.57 00.52 00.95 01.30 01.63 01.63 01.74 02.24 03.18 03.90 02.04 03.31 06.92 08.86 10.08 06.85 04.52 03.62 03.34 03.15 02.96 02.77 02.62 01.68 01.79 01.68 01.88 01.62 01.74 00.23 03.49 07.11 -9999.0 -9999.0
01.71 01.36 00.94 00.32 01.98 02.80 02.71 01.66 00.23 -9999.0 -9999.0 -9999.0 -9999.0 -9999.0 -9999.0 -9999.0 -9999.0 -9999.0 -9999.0 -9999.0 -9999.0 01.32 01.30 01.39 01.18 01.02 01.12 01.22 00.43 00.39 00.44 00.45 01.58 02.12 03.05 03.33 01.76 01.62 01.62 00.82 00.82 01.35 01.24 01.33 01.70 01.84 02.93 02.98 03.63 05.88 07.95 09.52 07.47 04.35 03.07 02.87 02.57 02.43 02.42 00.18 00.47 01.03 00.18 00.32 01.08 01.18 01.24 01.65 01.69 07.54 -9999.0 -9999.0
01.13 00.91 00.46 00.30 01.58 02.83 02.34 01.61 00.31 -9999.0 -9999.0 -9999.0 -9999.0 -9999.0 -9999.0 -9999.0 -9999.0 -9999.0 -9999.0 -9999.0 -9999.0 01.69 01.20 01.36 01.06 01.04 01.18 01.21 02.06 00.92 01.46 01.74 02.64 02.59 02.70 01.52 02.20 01.47 01.53 01.32 01.40 01.28 01.04 00.43 01.66 02.21 02.66 01.93 04.08 06.40 08.62 08.65 03.66 02.55 02.30 02.15 02.02 01.97 00.32 01.22 00.59 00.86 01.48 00.38 -9999.0 -9999.0 -9999.0 07.94 08.42 04.51 01.85 -9999.0
00.51 01.38 00.61 00.75 01.14 02.77 01.47 01.24 00.52 00.30 -9999.0 -9999.0 -9999.0 -9999.0 -9999.0 -9999.0 -9999.0 -9999.0 -9999.0 -9999.0 00.37 01.90 01.23 01.21 01.14 01.19 01.75 01.74 01.86 01.28 01.73 02.36 02.73 05.91 03.08 01.10 02.18 02.57 01.93 02.21 01.70 01.93 00.65 00.18 01.95 02.11 02.46 02.86 04.16 06.97 09.50 05.89 00.88 01.57 00.09 01.04 01.44 -9999.0 00.77 00.96 00.87 00.95 00.34 -9999.0 -9999.0 -9999.0 04.76 08.12 08.32 02.88 01.53 05.21
00.43 01.35 00.93 00.69 00.80 00.92 00.96 00.94 00.37 00.51 -9999.0 -9999.0 -9999.0 -9999.0 -9999.0 -9999.0 -9999.0 -9999.0 -9999.0 -9999.0 02.34 01.76 01.05 01.17 01.11 01.69 01.84 02.33 02.34 01.54 01.41 02.36 02.97 05.69 02.08 00.36 01.54 01.85 01.45 01.86 02.40 01.75 00.61 01.43 01.80 02.01 02.20 02.67 04.71 07.81 09.59 -9999.0 00.95 01.04 00.91 -9999.0 -9999.0 00.93 00.49 -9999.0 -9999.0 -9999.0 -9999.0 -9999.0 -9999.0 -9999.0 07.94 08.49 04.86 01.90 03.33 02.70
01.35 01.30 01.05 01.49 02.35 00.76 00.66 00.25 00.42 -9999.0 -9999.0 -9999.0 -9999.0 -9999.0 -9999.0 -9999.0 -9999.0 -9999.0 -9999.0 -9999.0 01.78 01.06 00.97 01.19 02.40 01.82 01.71 01.99 01.86 00.71 01.96 02.11 02.34 01.82 00.63 01.03 01.17 01.56 01.64 02.11 02.49 01.09 00.83 01.31 01.53 01.83 02.04 02.52 06.49 09.25 07.98 -9999.0 -9999.0 00.57 00.51 00.84 -9999.0 00.83 05.20 05.26 03.12 04.02 02.92 03.64 02.22 06.42 07.92 08.21 03.32 01.70 03.58 01.48
01.30 01.31 01.56 02.72 02.96 01.31 00.72 -9999.0 -9999.0 -9999.0 -9999.0 -9999.0 -9999.0 -9999.0 -9999.0 -9999.0 -9999.0 -9999.0 -9999.0 -9999.0 01.16 00.69 01.05 01.80 01.97 01.35 01.75 01.96 01.74 02.13 02.16 02.36 02.01 02.57 03.02 01.39 01.35 01.48 01.53 01.89 02.22 01.24 01.28 00.54 01.31 01.64 01.82 02.28 05.96 08.38 06.00 -9999.0 -9999.0 02.60 00.82 04.71 07.48 04.24 04.56 04.38 03.68 01.92 02.49 03.41 04.58 06.49 08.14 05.31 02.29 01.66 01.57 01.52
00.97 01.11 01.60 02.98 02.62 01.33 00.70 00.28 -9999.0 -9999.0 -9999.0 -9999.0 -9999.0 -9999.0 -9999.0 -9999.0 -9999.0 -9999.0 -9999.0 -9999.0 -9999.0 00.17 01.37 01.89 01.88 01.44 01.75 01.89 01.78 01.97 02.15 02.35 02.95 03.25 03.62 02.43 02.05 01.39 01.48 01.68 02.16 02.24 02.59 05.29 01.26 01.34 01.59 02.13 06.60 05.53 03.44 00.64 -9999.0 02.68 07.73 06.28 05.29 04.42 04.47 03.26 02.65 01.43 02.17 03.04 04.60 06.97 09.12 02.11 02.16 01.55 01.66 02.15
00.97 00.80 01.14 02.02 02.03 01.54 00.64 00.43 -9999.0 -9999.0 -9999.0 -9999.0 -9999.0 -9999.0 -9999.0 -9999.0 -9999.0 -9999.0 -9999.0 -9999.0 01.17 00.91 01.31 01.58 02.41 01.82 01.69 02.43 02.36 01.90 02.59 03.14 02.42 04.37 03.54 02.23 01.88 01.30 01.36 01.79 01.95 02.19 02.54 05.02 01.48 01.14 01.22 01.42 03.97 02.65 02.32 00.77 -9999.0 04.34 05.71 06.21 03.77 05.09 03.63 02.18 01.83 00.75 01.90 02.71 04.82 07.29 02.91 01.57 01.79 01.90 02.61 02.47
00.72 00.41 00.61 03.00 01.83 01.39 00.60 00.54 -9999.0 -9999.0 -9999.0 -9999.0 -9999.0 -9999.0 -9999.0 -9999.0 01.28 01.47 01.36 00.50 -9999.0 01.56 01.21 01.95 02.32 02.10 02.28 01.93 02.34 01.76 02.26 02.70 02.09 02.25 02.45 02.08 01.54 01.06 01.34 01.58 01.90 02.24 02.30 04.92 00.59 00.95 01.03 01.07 00.97 00.86 00.57 -9999.0 -9999.0 03.78 04.40 03.68 04.69 03.70 00.86 01.38 01.49 02.12 01.58 02.39 04.72 07.13 02.37 01.35 02.06 01.53 01.64 01.71
00.72 00.29 00.36 02.18 01.33 01.17 00.48 00.60 -9999.0 -9999.0 -9999.0 -9999.0 -9999.0 -9999.0 -9999.0 -9999.0 01.40 01.65 02.14 00.35 -9999.0 01.03 00.59 01.89 02.09 02.06 01.78 01.84 02.09 01.97 01.81 02.01 02.53 02.91 03.57 02.69 01.55 00.59 01.37 01.45 02.27 03.70 02.87 05.43 02.41 00.61 00.98 01.05 01.21 01.36 01.49 -9999.0 -9999.0 01.80 06.15 02.70 04.36 -9999.0 00.59 01.08 00.96 02.04 05.53 01.42 04.27 04.16 03.13 01.88 01.60 01.43 01.60 01.97
00.25 00.61 00.70 00.81 00.82 00.53 00.44 -9999.0 -9999.0 -9999.0 -9999.0 -9999.0 -9999.0 -9999.0 01.12 01.76 02.34 02.13 02.40 00.11 -9999.0 -9999.0 00.09 03.07 01.62 01.80 01.76 01.76 02.39 01.75 02.05 02.10 02.73 03.47 03.90 02.99 01.93 00.52 02.21 01.47 01.97 02.35 02.44 03.22 03.88 00.65 00.36 06.28 01.15 04.82 02.90 01.95 02.98 02.42 02.90 03.22 03.35 00.55 00.91 00.93 00.81 00.44 03.92 00.23 03.33 03.21 01.88 01.12 00.78 01.51 01.61 01.92
01.24 01.76 01.13 00.24 00.46 00.51 00.71 -9999.0 -9999.0 -9999.0 -9999.0 -9999.0 -9999.0 01.47 01.28 02.29 01.77 01.62 01.49 01.19 -9999.0 -9999.0 00.25 05.18 01.72 01.79 02.53 02.79 02.25 01.72 02.25 02.60 02.79 02.60 02.97 02.41 02.32 00.98 02.28 01.32 01.86 02.05 02.41 03.16 02.43 02.56 04.43 03.50 04.51 03.24 02.22 02.13 02.11 03.79 02.03 02.75 01.94 00.18 00.39 00.38 -9999.0 00.26 02.00 01.38 01.82 02.30 01.69 00.93 00.61 00.67 01.10 01.71
02.06 02.17 01.92 00.29 00.64 01.16 00.76 01.16 01.02 -9999.0 -9999.0 -9999.0 -9999.0 03.05 02.00 01.25 01.21 01.44 01.19 01.03 -9999.0 02.49 03.43 04.85 01.48 01.82 02.37 03.37 01.86 02.02 02.68 02.95 03.41 04.52 03.02 02.98 02.97 00.97 02.07 01.58 01.47 02.08 03.14 03.27 02.17 03.08 04.28 02.88 03.15 02.99 02.65 02.53 02.27 01.93 01.59 01.62 01.45 01.19 02.12 00.86 00.73 01.41 01.16 01.08 00.88 01.38 01.96 01.98 02.15 02.04 01.49 01.38
01.95 02.09 02.18 00.59 00.68 00.70 01.10 01.64 01.76 01.34 01.11 01.26 01.38 01.92 01.52 01.14 01.26 01.84 01.42 01.59 00.13 02.06 02.22 01.97 01.97 01.63 01.79 02.00 02.02 01.84 02.16 02.65 02.66 03.67 03.02 03.12 01.96 00.64 01.63 01.13 00.67 02.60 02.94 02.97 02.50 04.95 03.26 02.62 02.07 01.60 02.09 01.40 01.57 01.43 01.18 01.14 01.34 01.21 02.28 01.99 00.95 00.99 00.68 00.78 01.54 01.64 01.67 01.80 01.87 02.26 01.04 01.57
01.04 02.18 01.89 01.64 00.86 00.60 01.43 01.88 01.86 01.51 01.17 01.04 01.20 01.53 01.23 01.26 01.20 01.32 01.57 01.12 00.76 01.50 02.13 01.39 01.83 01.94 01.95 02.07 02.58 01.67 01.62 01.65 02.23 02.41 02.52 03.76 01.43 01.64 01.54 01.43 01.62 02.80 03.97 04.55 04.50 05.96 02.77 02.46 01.60 01.40 02.26 01.44 01.21 01.06 00.96 00.90 00.83 00.98 01.22 01.11 00.37 00.68 00.96 00.98 01.69 01.51 01.37 01.37 01.39 00.99 00.38 00.72
