Supplementary_Data/FB_x64/TestFarsite/SampleData/Outputs/test_HeatPerUnitArea.asc
NCOLS 401
NROWS 476
XLLCORNER -5994.000000
YLLCORNER -7142.000000
CELLSIZE 30.000000
NODATA_VALUE -9999.0
[rows 224 to 251 of 476, columns 186 to 247 of 401]
03531.366 02684.042 02299.424 05123.126 04020.442 01738.632 04450.645 05597.525 02331.750 02327.273 02263.419 02228.438 02196.024 02400.587 12088.268 02655.106 02657.971 02656.126 02649.749 02632.673 02381.747 02444.235 02440.732 02437.366 02443.475 02451.212 02444.284 02429.047 04134.760 02819.576 04076.433 02828.806 02827.638 02831.789 02832.249 -9999.0 02840.210 02839.847 02840.664 02841.920 02763.004 02675.171 02694.660 02832.645 02678.308 02844.510 02847.854 02847.500 02667.178 02639.796 02620.902 -9999.0 02472.030 03095.078 02594.801 02584.689 02582.992 02557.053 02534.373 02513.952 02497.355 02476.061
03503.386 01323.371 01360.652 01541.582 09317.372 03388.789 02310.099 01108.179 02309.799 08678.015 12195.354 02337.150 02260.615 02286.855 13084.309 15283.116 02653.398 05580.833 01488.583 01170.091 02706.612 02428.118 02440.172 02424.003 02453.603 01183.285 02446.865 02311.663 02784.187 02826.414 02710.654 02802.609 02830.210 02831.681 02832.213 -9999.0 02842.050 02842.284 02842.574 02838.434 02844.071 02675.230 02678.575 02678.393 02833.266 02847.831 02847.850 02741.310 02828.170 02740.099 02795.452 00986.172 02566.272 03833.676 02570.075 02560.827 02562.421 02286.475 02493.980 02010.878 01018.537 02356.436
10248.431 02530.035 02691.708 13867.629 02272.279 02308.310 03772.581 01750.716 01315.859 07773.680 09064.941 18369.652 02311.605 02269.875 14242.873 12511.998 03901.144 03852.847 02484.478 02026.091 03858.489 03859.758 02443.656 02387.869 02364.272 02223.999 02013.307 02748.150 02712.342 02818.201 02751.932 02803.348 02831.180 02831.615 -9999.0 -9999.0 02845.651 02844.796 02844.729 02845.166 05433.380 02831.850 02848.102 02760.392 02842.575 02847.896 02847.414 02848.802 02839.152 02830.308 02531.924 02661.523 02605.239 02536.743 02538.314 02533.340 02517.202 02469.341 02470.361 01832.513 01007.367 -9999.0
10548.735 01255.156 02390.918 02427.477 02300.484 02312.241 02353.713 02228.725 02269.262 02277.258 11741.921 19691.769 02266.118 02190.943 06552.103 11595.826 02668.613 03884.573 02417.601 02380.869 05174.398 07938.423 02450.389 02447.313 02466.367 02466.308 02450.169 02686.087 02393.973 02818.501 02827.721 02830.088 02831.043 02831.550 -9999.0 02771.253 02845.383 02845.072 02846.345 02846.755 02847.358 02848.097 02845.858 02848.066 02848.000 02356.751 01258.543 01209.370 02445.455 01077.760 02628.951 02525.424 02479.410 02505.425 02507.839 02496.509 02388.123 02476.789 02165.337 01517.664 -9999.0 -9999.0
02355.672 02336.454 13674.340 02360.668 02299.365 27576.208 02293.588 02260.312 02289.394 02286.617 14875.376 10231.953 02353.915 02270.351 02177.898 03601.080 03621.599 02408.718 02284.510 07062.337 07537.204 07653.440 06896.759 03044.036 02471.610 02468.121 02199.256 02404.807 02422.769 02687.328 02829.896 02830.400 02831.010 02832.065 02677.646 02776.652 02846.898 02715.046 02678.090 02811.335 02829.664 02751.668 02847.969 02847.980 02670.858 02582.639 02720.505 -9999.0 02598.531 01905.866 01027.779 02322.478 02448.414 02476.565 02384.296 02189.507 -9999.0 02161.094 -9999.0 -9999.0 -9999.0 -9999.0
02354.649 10916.901 02392.756 02259.481 02339.331 02419.635 02308.493 02201.396 02204.831 02292.135 13797.933 23966.917 39319.586 02305.038 02400.762 03502.920 02369.027 02269.243 07612.481 07676.445 07721.858 07881.123 07870.524 04233.051 02475.542 02460.573 02417.127 02437.007 02415.950 02770.472 02829.771 02823.672 03690.775 05473.738 02669.713 02844.224 02847.616 02845.402 02792.277 02846.365 02730.542 02717.480 02824.921 02844.722 02529.711 02582.046 02500.559 -9999.0 02661.708 02465.997 02585.159 02311.151 02470.880 02483.347 02470.761 02409.914 02357.062 02744.784 -9999.0 -9999.0 -9999.0 -9999.0
10432.671 12913.296 02295.667 02185.927 02264.978 02304.873 02188.441 08038.835 17723.070 02295.394 15164.447 33908.814 02365.631 02210.669 02403.113 02418.421 02371.577 07325.557 07799.869 07891.728 07943.096 02563.865 02485.825 02483.451 02475.835 02385.200 02435.009 02420.219 02822.373 02823.607 02829.623 02649.008 02829.918 02676.906 05535.287 02739.735 04773.381 02678.032 02839.825 02843.421 -9999.0 02686.710 02733.346 02729.373 02492.344 02598.032 02615.340 02632.055 02661.325 02424.687 02527.183 02455.499 02501.906 02484.730 02465.581 02409.123 04200.696 03731.782 -9999.0 -9999.0 -9999.0 -9999.0
06069.857 03282.824 02289.508 02273.349 02268.802 02262.721 02250.459 02327.267 22079.474 02298.030 20976.881 23556.444 14295.485 02265.847 02188.079 02395.265 02313.394 07788.520 07122.258 02497.107 02503.336 02501.554 02496.472 02477.367 02423.807 02440.454 02416.435 -9999.0 -9999.0 -9999.0 02829.331 02657.326 02913.624 02840.263 05197.257 05605.998 05442.298 04044.926 02832.435 02662.088 02622.656 02587.027 02527.236 02508.318 02636.453 02521.210 02647.298 02638.226 02612.753 02241.681 02512.955 02505.297 02489.034 02473.591 02456.070 02441.225 02538.304 02634.033 -9999.0 -9999.0 -9999.0 -9999.0
06038.235 05104.989 02319.873 17000.936 02301.272 02270.913 02192.140 02263.728 02271.335 02312.734 24310.917 08905.668 05014.857 06559.115 02263.445 02177.769 07172.137 07944.997 02508.186 02502.517 02508.530 02500.499 -9999.0 02457.294 02457.344 02446.456 -9999.0 -9999.0 -9999.0 -9999.0 02843.240 02732.175 02814.772 02839.295 02678.121 02677.759 02727.318 02832.523 02781.877 02770.136 02801.285 02541.355 02455.049 02515.809 02742.374 02696.758 02668.374 02642.184 -9999.0 02510.492 02550.392 02348.939 02460.809 02454.283 02443.963 02431.362 02413.081 -9999.0 -9999.0 -9999.0 -9999.0 -9999.0
03159.998 05292.321 16968.925 11518.773 14932.204 02274.999 02203.139 02263.334 02298.929 11974.993 23399.973 04107.680 01959.188 02314.812 02222.867 06557.794 07938.484 03010.043 02520.758 02513.333 02505.546 02498.346 02824.930 02433.847 02440.989 02435.894 -9999.0 -9999.0 -9999.0 -9999.0 02842.858 02833.711 02840.021 02796.892 02843.366 02949.518 02821.754 02845.028 02677.668 02709.817 02656.224 02641.017 02573.569 02758.918 02767.262 02699.384 02670.763 02638.536 02610.154 02586.341 -9999.0 -9999.0 02421.427 02435.792 02425.813 02402.833 -9999.0 -9999.0 -9999.0 -9999.0 -9999.0 -9999.0
03134.745 03553.829 06687.228 12295.748 10590.979 02299.514 02286.116 02272.576 02360.678 19663.292 18161.529 03228.794 03665.252 02349.489 02301.081 04524.550 08016.682 03374.079 02522.141 02511.627 02501.765 02824.664 02823.044 02755.909 02820.995 02829.385 -9999.0 02657.267 02657.504 -9999.0 02665.938 02663.025 02667.505 02670.825 02675.482 02862.244 02842.852 02847.164 02776.201 02802.061 02799.035 02869.534 02643.723 02634.455 02727.876 02697.946 02665.239 02593.677 02584.309 02518.850 -9999.0 -9999.0 -9999.0 -9999.0 -9999.0 -9999.0 -9999.0 -9999.0 -9999.0 -9999.0 -9999.0 -9999.0
02282.279 02902.646 03549.459 02179.698 08404.409 23252.543 02316.859 02332.349 13508.715 10973.673 05193.685 01926.610 02376.892 01778.829 02295.371 02554.728 02097.827 01800.309 02179.899 02181.811 02641.445 -9999.0 02826.565 02825.714 02826.123 02829.587 02693.332 02950.645 03308.347 02658.022 02820.781 02839.357 02826.367 02772.831 02671.295 02796.282 02811.314 02831.447 02840.357 02841.072 02843.786 02876.975 02799.704 02716.604 02675.202 02696.779 02661.433 02466.816 02615.190 02570.710 -9999.0 -9999.0 -9999.0 -9999.0 -9999.0 -9999.0 -9999.0 -9999.0 -9999.0 -9999.0 -9999.0 -9999.0
01844.734 05960.145 02432.663 02653.731 03557.335 09659.131 09886.225 08108.892 13419.627 04268.562 03690.383 01228.183 01195.758 02521.732 02543.945 01492.521 02397.866 02425.650 -9999.0 -9999.0 -9999.0 02667.855 02663.350 02708.904 02789.962 02814.321 02827.965 04717.953 05381.475 03243.377 02838.630 02839.617 02837.433 02842.888 02842.998 02678.288 02678.491 02800.823 02772.490 02841.967 02847.193 02882.308 02797.378 02660.587 02658.935 02693.599 02641.413 02611.033 02588.877 02551.774 -9999.0 -9999.0 -9999.0 -9999.0 -9999.0 -9999.0 -9999.0 -9999.0 -9999.0 -9999.0 -9999.0 -9999.0
02711.735 02967.394 01706.443 02536.758 02359.769 03276.925 08871.881 09350.518 12074.778 02535.936 01278.651 00944.975 02655.884 02625.817 02581.397 02548.604 02536.965 02515.031 -9999.0 -9999.0 02843.564 02834.100 02722.012 02833.003 02836.022 02835.312 02834.573 04141.208 02837.468 04275.840 03830.920 02758.974 02825.366 02671.950 02677.365 02677.923 02678.484 02794.874 02841.337 02843.835 02843.807 02714.134 02798.947 02681.519 02656.726 02659.064 02629.938 02587.573 02542.123 02533.021 02500.777 -9999.0 -9999.0 -9999.0 -9999.0 -9999.0 -9999.0 -9999.0 -9999.0 -9999.0 -9999.0 -9999.0
02703.454 02361.762 01175.087 02066.784 01648.166 01971.405 03245.985 05386.149 02357.740 01064.156 01289.355 02243.471 02230.822 02319.667 02533.102 02462.284 02195.282 02658.750 -9999.0 -9999.0 -9999.0 02842.807 02841.260 02839.675 02838.356 02837.730 02837.587 02837.692 -9999.0 02841.905 02841.169 02840.626 02843.134 02720.423 02819.112 02847.214 02678.290 02678.343 02846.279 02841.552 02836.489 02820.593 02653.269 02752.872 02704.274 02670.829 02552.760 02530.372 02524.850 02500.711 02489.130 -9999.0 -9999.0 -9999.0 -9999.0 -9999.0 -9999.0 -9999.0 -9999.0 -9999.0 -9999.0 -9999.0
02932.056 01398.080 01378.898 02749.356 01653.155 01336.191 02212.380 02321.481 02367.200 02188.876 02261.073 02644.914 02646.647 02638.035 02626.940 02642.590 02657.612 02780.299 03363.628 02845.542 02846.812 02844.260 02842.715 02841.623 02840.753 02840.213 02840.081 02841.390 02843.593 02679.500 02811.465 02844.171 02838.878 02832.410 02846.694 02847.661 02749.295 02839.760 02847.867 02841.505 02795.403 02872.270 02812.681 02700.349 02521.354 02573.151 02568.168 02518.303 02511.667 02493.814 02481.828 02468.185 02452.943 -9999.0 -9999.0 -9999.0 -9999.0 -9999.0 -9999.0 -9999.0 -9999.0 -9999.0
02479.421 02100.890 01471.491 01352.483 01580.747 02115.878 01390.021 02401.660 01765.461 02099.035 02250.096 02647.680 02661.740 02662.219 02830.586 02833.735 02933.375 05596.008 03086.378 02852.128 03311.731 05634.739 02844.527 02843.737 02842.835 02842.577 02842.687 02843.074 02797.984 02876.787 02860.642 02677.360 02842.313 02847.324 02847.460 02847.722 02847.839 02847.863 02847.695 02842.362 02811.328 02749.143 02607.228 02365.451 02551.102 02551.711 02534.498 02495.816 02497.386 02486.287 02459.955 02455.278 02443.575 -9999.0 -9999.0 -9999.0 -9999.0 -9999.0 -9999.0 -9999.0 -9999.0 -9999.0
04237.505 01875.342 02370.637 02369.897 04540.757 01857.969 02248.488 03115.022 01396.189 02380.158 02206.735 02650.027 02652.393 02657.913 02673.951 02766.064 02852.800 02846.583 02846.871 02847.426 02848.131 02843.991 02776.468 02845.587 02845.000 02844.669 02844.631 02845.183 02874.749 02917.619 02877.015 02708.435 02678.068 02837.093 02844.290 02847.759 02847.826 02637.855 02790.475 02806.613 02774.093 02627.739 02463.859 02538.660 02558.731 02537.073 02554.353 02367.868 02487.035 02479.073 02417.247 02450.529 02413.651 -9999.0 -9999.0 -9999.0 -9999.0 -9999.0 -9999.0 -9999.0 -9999.0 -9999.0
02382.957 02339.275 02470.128 02514.146 02458.449 02410.514 02443.742 02489.198 01050.254 02328.335 02208.083 02644.687 02830.093 02659.203 02676.515 02817.583 02948.511 02678.772 02846.253 02846.800 02811.465 02860.494 02912.201 02914.694 02846.893 02846.613 02846.557 02846.637 02904.933 02910.599 05310.964 02847.935 02847.879 02789.612 02699.384 02844.314 02838.132 02700.773 02593.004 02518.669 02758.327 02653.720 02552.939 02544.910 02541.414 02553.495 02349.143 02488.097 02490.051 02479.751 02459.156 02450.489 02175.224 -9999.0 -9999.0 -9999.0 -9999.0 -9999.0 -9999.0 -9999.0 -9999.0 -9999.0
05178.823 02364.130 01480.625 04279.654 01934.448 01831.438 02642.015 02467.766 02541.909 02312.028 02255.340 02173.648 02655.377 02667.055 02678.928 02647.875 02678.815 02829.197 02895.001 02821.293 02745.031 02957.318 02959.609 03314.966 02847.895 02846.956 02847.438 02845.497 05541.062 03100.075 02848.013 02847.995 02847.902 02847.866 02842.698 02844.859 02832.756 02795.703 03847.616 02644.682 02551.316 02492.470 02476.250 02466.480 02580.970 02588.497 02303.274 02496.360 02488.063 02474.878 02460.207 02448.275 -9999.0 -9999.0 -9999.0 -9999.0 -9999.0 -9999.0 -9999.0 -9999.0 -9999.0 -9999.0
13159.567 02835.248 05511.516 05146.222 01940.810 01833.374 01307.066 02567.785 02552.079 01344.200 02228.262 02676.856 02826.742 02673.581 02678.515 02655.792 02848.096 02856.350 02846.641 02722.793 02880.273 02959.900 05266.324 04283.417 02857.624 02847.120 02893.877 02849.889 04731.787 04380.057 02852.714 02847.995 02847.920 05525.559 02880.366 02744.339 02798.821 02775.554 05401.416 02634.610 02753.718 02619.269 02700.194 02613.172 02609.307 02387.935 02510.545 02497.333 02481.900 02467.809 02453.075 -9999.0 -9999.0 -9999.0 -9999.0 -9999.0 -9999.0 -9999.0 -9999.0 -9999.0 -9999.0 -9999.0
04018.560 05311.815 04818.861 02313.919 01624.724 01521.788 02426.672 01160.281 01740.381 01032.563 02645.487 02919.295 02668.931 02678.844 02665.777 02654.285 02848.097 02846.558 02846.829 02847.837 02867.937 03423.472 03764.503 04823.988 02900.899 02960.784 02909.087 02990.786 04250.673 03002.049 02845.444 03243.185 05635.022 03033.424 02602.221 02557.300 02557.278 02733.288 04108.985 02609.315 02781.703 02765.678 02703.564 02680.298 02600.829 02480.182 02485.894 02486.155 01527.950 01590.982 02168.672 -9999.0 -9999.0 -9999.0 -9999.0 -9999.0 -9999.0 -9999.0 -9999.0 -9999.0 -9999.0 -9999.0
08403.833 04867.835 03820.871 02858.406 01555.482 00958.497 01525.428 02481.206 01147.536 02659.402 02657.516 02673.384 02678.893 02678.598 02678.808 02846.285 02680.523 02847.353 02848.101 02847.683 02899.244 02917.874 02845.759 02870.874 02939.796 02912.757 02892.571 04387.360 05068.765 05638.590 02803.960 05480.062 05638.491 02678.414 02632.458 02770.432 02720.565 02596.359 02636.842 02767.334 02779.388 02765.744 02751.993 02659.119 02391.088 02296.356 02256.470 02249.919 02257.402 02338.569 -9999.0 -9999.0 -9999.0 -9999.0 -9999.0 -9999.0 -9999.0 -9999.0 -9999.0 -9999.0 -9999.0 -9999.0
09626.836 05199.205 02786.964 02342.281 00932.238 02478.478 02243.896 01968.632 02645.712 02667.851 01501.195 02677.556 02678.509 01107.156 02678.881 02678.870 02847.188 02846.976 02845.174 02675.368 02886.737 02836.413 02845.922 02868.412 03933.289 05443.447 05224.641 03674.911 02888.848 05638.612 04309.839 05638.545 05638.517 03668.887 02678.642 02663.017 02648.983 02789.853 02807.642 02796.447 02593.390 02687.085 02680.496 02602.345 02344.043 02509.470 02293.879 02429.147 02452.933 02367.286 -9999.0 -9999.0 -9999.0 -9999.0 -9999.0 -9999.0 -9999.0 -9999.0 -9999.0 -9999.0 -9999.0 -9999.0
02251.903 02221.322 02222.072 02232.115 03011.394 01973.121 02350.732 01219.855 02831.070 02694.479 02675.138 02676.365 02678.899 01772.073 02046.354 02784.799 02839.306 02847.200 02847.752 02752.834 02803.435 02852.771 02910.337 02845.960 05569.468 04258.934 04700.856 03027.760 02848.128 04688.680 05546.944 04967.882 05638.596 04481.984 05638.651 02933.336 05042.723 03622.556 02801.939 02619.504 02486.418 02558.618 02602.240 02551.321 02401.962 02521.096 04214.585 02486.944 02483.639 02475.255 02179.917 -9999.0 -9999.0 -9999.0 -9999.0 -9999.0 -9999.0 -9999.0 -9999.0 -9999.0 -9999.0 -9999.0
02219.142 02234.078 02217.720 02184.933 01726.279 01722.478 01231.235 02647.667 02831.010 02601.776 01220.597 02672.970 02675.710 02673.536 02672.024 02794.378 02844.047 02847.567 02852.833 02865.436 02877.606 02845.843 02869.396 04156.259 02848.178 02902.197 03443.441 02848.158 02848.168 02848.120 03208.012 03229.586 03837.146 05220.335 02885.141 02832.885 05548.652 03686.799 02780.897 02694.914 02659.799 02604.567 04772.688 02740.154 02529.997 02502.725 04043.786 02487.172 02483.410 02426.625 02224.704 -9999.0 -9999.0 -9999.0 -9999.0 -9999.0 -9999.0 -9999.0 -9999.0 -9999.0 -9999.0 -9999.0
02338.988 02381.217 02316.968 02301.503 02056.379 02182.663 02653.048 02660.114 02611.132 01178.833 01559.261 02221.997 02667.502 02803.702 02839.037 02674.821 02819.124 02805.529 02942.687 02925.269 02841.931 02846.528 02847.247 02847.010 03785.381 04136.315 05478.794 02848.211 02848.224 02848.188 02848.184 02848.154 03954.312 02952.002 02855.328 02629.005 02763.979 02770.987 02735.072 04025.675 02420.080 02517.818 02525.237 02506.749 02236.420 02450.166 02482.528 02487.795 02481.794 02473.300 02459.861 -9999.0 -9999.0 -9999.0 -9999.0 -9999.0 -9999.0 -9999.0 -9999.0 -9999.0 -9999.0 -9999.0
12911.925 04248.647 03772.659 03280.573 01247.714 02093.380 02826.065 02656.135 02832.063 02786.163 02663.017 02661.426 02941.268 02811.732 02829.818 02936.646 02778.850 03791.940 02908.236 02710.248 02845.510 02845.815 02829.710 03018.984 04475.242 05568.503 05108.302 02848.294 02848.332 02848.316 02848.269 02848.204 03640.378 02848.722 02848.042 02614.595 02699.703 02680.440 04445.041 04035.114 02344.634 05063.899 02971.054 02179.749 02275.763 02327.111 02582.091 02486.695 03044.625 02466.452 02454.723 -9999.0 -9999.0 -9999.0 -9999.0 -9999.0 -9999.0 -9999.0 -9999.0 -9999.0 -9999.0 -9999.0
