Supplementary_Data/FB_x64/TestFarsite/SampleData/Outputs/test_HeatPerUnitArea.asc
NCOLS 401
NROWS 476
XLLCORNER -5994.000000
YLLCORNER -7142.000000
CELLSIZE 30.000000
NODATA_VALUE -9999.0
[rows 140 to 167 of 476, columns 62 to 123 of 401]
-9999.0 -9999.0 -9999.0 -9999.0 -9999.0 -9999.0 -9999.0 -9999.0 -9999.0 -9999.0 -9999.0 -9999.0 -9999.0 -9999.0 -9999.0 -9999.0 -9999.0 -9999.0 -9999.0 02260.296 02305.695 07303.260 02442.173 10139.005 04515.562 22658.807 13940.299 24609.894 19760.605 26760.888 24822.237 23453.872 13665.722 04030.731 02472.270 02725.046 02484.615 05905.006 02622.100 02678.652 -9999.0 -9999.0 -9999.0 -9999.0 -9999.0 -9999.0 -9999.0 -9999.0 -9999.0 -9999.0 02794.003 02776.542 02820.204 02825.721 14316.890 28230.841 02823.921 02767.286 02790.353 02710.132 02646.365 02739.639
-9999.0 -9999.0 -9999.0 -9999.0 -9999.0 -9999.0 -9999.0 -9999.0 -9999.0 -9999.0 -9999.0 -9999.0 -9999.0 -9999.0 -9999.0 -9999.0 -9999.0 -9999.0 02714.385 06278.580 07310.709 06964.810 02437.629 23130.051 10618.078 24399.208 21655.308 24710.669 24331.883 34035.269 24875.478 15705.438 37629.025 03155.670 04378.554 04619.673 02504.762 08305.770 02963.491 02666.699 02654.158 -9999.0 -9999.0 -9999.0 -9999.0 -9999.0 -9999.0 -9999.0 -9999.0 -9999.0 02828.126 02670.052 02810.505 02808.892 02808.151 23432.783 02786.666 02748.314 02757.944 02730.788 02734.707 02693.637
-9999.0 -9999.0 -9999.0 -9999.0 -9999.0 -9999.0 -9999.0 -9999.0 -9999.0 -9999.0 -9999.0 -9999.0 -9999.0 -9999.0 -9999.0 -9999.0 -9999.0 -9999.0 02379.714 21065.611 21398.436 06506.949 02439.350 02460.217 16301.558 23918.098 09216.402 10972.466 14657.976 23416.271 08178.702 03115.196 02521.324 04490.606 04565.114 05302.040 06822.156 07873.920 03331.730 02517.496 -9999.0 -9999.0 -9999.0 -9999.0 -9999.0 -9999.0 -9999.0 -9999.0 -9999.0 -9999.0 02828.356 02804.959 02810.929 02811.013 02808.830 02761.990 02770.620 02749.540 02746.586 02742.558 02717.362 02688.971
-9999.0 -9999.0 -9999.0 -9999.0 -9999.0 -9999.0 -9999.0 -9999.0 -9999.0 -9999.0 -9999.0 -9999.0 -9999.0 -9999.0 -9999.0 -9999.0 -9999.0 -9999.0 07098.904 16711.906 03968.027 02433.032 23475.106 06119.303 13712.331 18173.040 02489.506 02509.701 02530.121 12856.666 02631.770 03842.823 06785.046 03944.115 04687.041 02612.843 02659.308 08204.027 08251.474 04500.813 02615.692 02600.907 -9999.0 02631.454 02742.884 -9999.0 02785.390 02789.767 -9999.0 02753.734 02828.335 02812.536 02812.855 02806.295 02798.925 02819.868 02761.061 02753.763 02747.539 02755.271 02719.511 02691.835
-9999.0 -9999.0 -9999.0 -9999.0 -9999.0 -9999.0 -9999.0 -9999.0 -9999.0 -9999.0 -9999.0 -9999.0 -9999.0 -9999.0 -9999.0 -9999.0 -9999.0 06326.135 03454.261 02390.615 02413.954 04891.497 24024.726 24051.008 24169.607 02490.453 02504.410 22061.949 10717.185 02604.323 02580.679 07718.372 23936.766 04213.411 07167.810 03259.082 03137.153 04377.318 02639.159 03062.537 02564.113 02590.874 16705.385 08041.250 02689.500 02759.420 02796.875 04447.050 07128.562 02776.897 03358.417 02817.850 02824.223 02794.768 02789.379 02812.868 02766.171 02752.036 02770.124 02810.778 02786.798 02683.097
-9999.0 -9999.0 -9999.0 -9999.0 -9999.0 -9999.0 -9999.0 -9999.0 -9999.0 -9999.0 -9999.0 -9999.0 -9999.0 -9999.0 -9999.0 -9999.0 -9999.0 02629.216 12038.345 02396.384 02415.287 17343.150 24042.460 24028.667 24157.306 02488.987 02529.979 24674.022 24393.988 05099.157 03284.052 04738.796 29613.953 29204.663 02778.633 02733.039 06911.790 04016.460 02622.478 02919.263 02539.410 02564.025 25301.044 25731.683 02683.506 02751.406 02820.518 08654.141 07182.163 02817.809 04108.146 05259.363 02822.396 02801.729 02784.492 02786.914 02764.725 02744.315 02769.383 02725.297 02723.480 02676.268
-9999.0 -9999.0 -9999.0 -9999.0 -9999.0 -9999.0 -9999.0 -9999.0 -9999.0 -9999.0 -9999.0 -9999.0 -9999.0 -9999.0 -9999.0 -9999.0 -9999.0 -9999.0 18089.818 05759.798 05927.916 23860.428 23964.672 24003.569 16523.640 07800.673 06298.579 24527.421 21235.182 04556.791 07875.432 26116.640 30180.233 31505.845 02727.531 23257.202 06347.157 03120.295 02624.391 04547.047 32418.120 02545.401 23620.936 19827.927 02612.256 02733.795 02807.728 05686.436 02812.819 02805.571 03498.854 02720.298 02735.961 03248.077 02811.725 02798.258 02770.425 02692.138 02742.964 02790.327 02757.537 02700.236
-9999.0 -9999.0 -9999.0 -9999.0 -9999.0 -9999.0 -9999.0 -9999.0 -9999.0 -9999.0 -9999.0 -9999.0 -9999.0 -9999.0 -9999.0 -9999.0 -9999.0 -9999.0 02330.581 23532.372 02397.542 23761.511 23868.461 23925.994 23638.170 15283.879 23912.866 22159.484 22118.308 04189.001 02634.424 29265.549 19475.870 10172.539 03630.762 02659.152 02800.550 03320.309 02625.384 04226.985 34730.682 07713.311 02530.239 02535.956 02575.451 03314.085 02696.638 02761.787 02742.316 03806.042 03848.299 03130.313 02687.690 02794.931 04774.339 03948.354 04767.262 04859.764 02722.415 02722.814 02695.364 02734.453
-9999.0 -9999.0 -9999.0 -9999.0 -9999.0 -9999.0 -9999.0 -9999.0 -9999.0 -9999.0 -9999.0 -9999.0 -9999.0 -9999.0 -9999.0 -9999.0 -9999.0 -9999.0 02383.969 16085.648 23518.139 02398.284 07927.989 23783.310 21683.024 23857.006 18305.933 04239.565 04718.560 02707.887 21789.473 09037.773 15365.901 02653.731 02675.152 02816.409 05225.598 02643.006 03011.671 04935.571 27045.026 20700.842 23969.895 23849.617 16867.221 03277.646 04764.834 04760.950 02902.947 02636.685 46903.971 02702.609 02695.034 02710.169 17292.972 27060.488 03295.399 02797.751 03220.553 02812.222 02707.694 02772.070
-9999.0 -9999.0 -9999.0 -9999.0 -9999.0 -9999.0 -9999.0 -9999.0 -9999.0 -9999.0 -9999.0 -9999.0 -9999.0 -9999.0 -9999.0 -9999.0 -9999.0 -9999.0 -9999.0 -9999.0 07081.964 22622.060 03335.416 06545.118 05748.750 03544.854 03991.551 04592.706 04291.224 02664.037 02697.822 02978.636 07477.258 03203.876 02745.804 03161.131 04595.980 06320.248 04900.119 21647.975 24852.601 18743.138 02494.070 02822.284 04318.854 03311.569 02806.618 13837.934 10429.767 02718.100 02689.582 02715.909 02703.812 02739.671 04080.221 27195.502 17150.692 02791.424 03132.468 03327.440 04675.802 02825.153
-9999.0 -9999.0 -9999.0 -9999.0 -9999.0 -9999.0 -9999.0 -9999.0 -9999.0 -9999.0 -9999.0 -9999.0 -9999.0 -9999.0 -9999.0 -9999.0 -9999.0 -9999.0 -9999.0 -9999.0 -9999.0 -9999.0 -9999.0 07137.661 07136.630 -9999.0 07719.373 06662.115 04070.005 02903.762 05255.950 05019.226 04958.155 02960.024 02709.080 02766.514 03025.828 05255.578 16378.540 24884.540 24767.745 02514.862 02613.081 02987.059 07493.482 04225.704 05120.566 26268.538 27098.606 03517.033 02757.079 02968.741 02928.499 02710.293 02754.437 02732.504 02727.942 02739.400 04438.518 03283.410 04719.181 04729.687
-9999.0 -9999.0 -9999.0 -9999.0 -9999.0 -9999.0 -9999.0 -9999.0 -9999.0 -9999.0 -9999.0 -9999.0 -9999.0 -9999.0 -9999.0 -9999.0 -9999.0 -9999.0 -9999.0 -9999.0 -9999.0 -9999.0 -9999.0 07217.363 07168.838 07731.267 07964.846 08262.598 04428.345 02821.785 08200.053 05264.136 02987.682 02950.173 02708.781 06254.161 04303.340 06408.057 04075.627 04023.797 07937.902 04129.110 04350.700 06366.554 08355.589 04348.441 08640.311 26243.505 25133.952 11034.186 20384.372 03274.203 07046.680 03965.063 02714.159 02700.017 02768.459 02696.689 07888.002 07346.151 27322.424 02735.665
-9999.0 -9999.0 -9999.0 -9999.0 -9999.0 -9999.0 -9999.0 -9999.0 -9999.0 -9999.0 -9999.0 -9999.0 -9999.0 -9999.0 -9999.0 -9999.0 -9999.0 -9999.0 -9999.0 -9999.0 -9999.0 -9999.0 -9999.0 07281.294 07621.612 07895.352 04197.855 08266.378 08575.246 07135.097 02972.766 03235.800 03138.199 03463.986 04625.758 08362.063 19089.094 05898.971 02627.472 04365.361 04208.542 04344.672 08270.605 04698.967 05454.222 08333.439 03875.856 08443.171 17643.526 13875.067 02773.657 02825.457 02741.660 04336.530 02729.884 02734.264 02807.047 02714.603 28578.801 02941.167 02681.391 02637.649
-9999.0 -9999.0 -9999.0 -9999.0 -9999.0 -9999.0 -9999.0 -9999.0 -9999.0 -9999.0 -9999.0 -9999.0 -9999.0 -9999.0 -9999.0 -9999.0 -9999.0 -9999.0 -9999.0 -9999.0 -9999.0 07144.763 07228.290 02411.386 07742.920 19582.636 02911.514 03595.433 08395.661 08646.797 04177.021 03214.902 06345.075 04168.154 25821.438 27427.348 08147.024 06160.588 04374.649 04266.740 04341.961 07380.449 08287.039 27109.308 03444.086 08323.824 08322.598 08308.639 03881.509 23979.159 04907.765 24349.417 24326.990 02890.987 02711.931 02768.304 02804.772 02743.266 02731.790 02774.769 02649.287 02591.140
-9999.0 -9999.0 -9999.0 22963.150 22721.496 -9999.0 -9999.0 -9999.0 -9999.0 -9999.0 -9999.0 -9999.0 -9999.0 -9999.0 -9999.0 -9999.0 02680.637 04572.669 -9999.0 04985.953 07265.711 07410.074 06599.607 03900.379 07799.397 23778.155 02602.536 02614.743 08343.134 08345.199 08694.696 07403.137 06322.603 08165.337 08105.189 08185.415 07710.458 08022.970 04360.747 05961.449 07938.906 08277.142 08297.717 34001.560 09508.018 08628.745 08445.894 08330.350 06728.936 03183.789 02666.932 02677.946 19962.096 23335.068 02717.212 02746.129 02828.731 02775.203 02768.463 02707.190 02640.581 02634.968
07188.168 07135.721 -9999.0 21134.417 19613.536 20498.156 -9999.0 -9999.0 -9999.0 -9999.0 -9999.0 -9999.0 -9999.0 -9999.0 -9999.0 05842.194 13043.600 02722.960 05174.641 03204.671 03499.180 02617.078 08601.239 07481.315 07815.376 15564.649 21011.454 02613.622 02646.084 08319.957 08342.946 08264.973 08117.478 07804.821 07532.725 04121.515 04365.238 08037.608 08323.724 08315.402 08100.361 08124.392 33753.199 41418.593 21322.610 08659.676 04540.183 08653.080 02652.618 02654.885 03104.168 07631.372 15295.766 05894.669 02784.670 02745.363 02827.907 02751.946 02790.348 02741.742 02720.454 02709.334
07390.385 07497.922 07337.392 07166.013 23315.757 18646.474 07268.503 07210.493 -9999.0 -9999.0 20363.249 -9999.0 -9999.0 -9999.0 -9999.0 07115.032 21440.485 03137.806 05633.148 07395.396 07385.752 05305.130 28964.526 07593.095 18038.841 16399.228 24006.221 02583.416 02726.281 05013.007 08229.542 08262.927 08265.188 07055.784 04459.102 04241.015 07333.626 08488.411 08090.570 07415.945 07356.042 07004.692 03084.882 09419.802 02790.380 06585.547 02754.401 02708.034 02655.364 18271.691 31251.694 21039.018 04518.718 05141.938 02799.531 02747.602 02815.006 02724.951 02761.457 02724.729 02694.767 02701.360
07731.352 07714.867 07581.718 07217.619 12853.905 04814.660 07401.050 24456.997 17237.474 07215.856 22897.854 -9999.0 -9999.0 -9999.0 -9999.0 07077.194 18739.315 23421.911 20806.150 02441.003 03992.865 07217.865 21204.498 07385.725 24200.062 02484.017 18447.589 06019.100 08284.583 08351.258 06829.941 02676.717 05532.778 06722.990 08204.652 08231.724 08246.387 31835.249 03839.674 04900.244 02409.936 03368.823 04669.933 06642.962 08611.610 08640.049 04010.632 02694.300 02640.055 20177.705 26446.303 08458.336 36182.397 10981.646 03078.601 02711.251 02698.302 02709.285 02724.626 05023.812 03659.688 02634.752
08002.633 08007.231 07699.077 07521.737 07326.806 07404.352 29025.666 23024.383 07390.238 22866.067 22885.154 -9999.0 -9999.0 -9999.0 -9999.0 04436.987 23588.185 23687.494 23133.105 02441.329 02907.762 26461.874 24604.459 02498.667 06551.898 07418.474 07603.444 08239.672 08357.021 06194.965 04045.204 08305.683 07455.965 07927.749 08427.531 03588.063 05388.207 05999.268 02682.832 02640.859 27727.819 24883.560 05950.150 08439.699 08459.396 08549.143 03505.277 02730.247 02636.695 02738.591 13028.422 05161.679 02902.603 24401.188 02790.565 02643.344 02644.508 02632.370 08264.428 04337.946 02572.258 02607.528
08238.320 08100.899 08148.918 07693.437 07539.632 13812.949 27927.656 22554.345 16909.644 20634.620 02948.486 -9999.0 -9999.0 -9999.0 -9999.0 02352.602 23545.675 22164.459 21360.606 02432.890 16004.965 17473.552 30328.420 06073.468 07417.774 06927.711 05594.711 08145.716 03468.364 02770.003 03625.290 08293.796 08200.294 03943.445 02999.387 11068.056 22973.955 03566.140 20086.080 27616.421 30678.877 26777.347 12048.344 17391.903 02799.020 04448.238 07706.970 02761.531 02754.932 02740.193 02763.915 02740.297 02985.018 02696.356 02882.992 02691.040 02693.904 02743.621 02665.368 02596.995 02557.239 03487.716
08134.749 08360.042 08061.348 07874.172 32355.377 11173.067 26654.748 24226.150 22140.381 21122.025 -9999.0 -9999.0 -9999.0 -9999.0 -9999.0 02803.432 08792.348 20152.010 05010.734 02809.592 12229.011 15666.482 02883.931 07378.067 -9999.0 -9999.0 -9999.0 03704.559 04093.125 04548.471 08281.008 08234.260 07252.148 02915.141 06341.735 26175.812 24269.885 02882.436 05099.408 20063.776 18789.961 02648.923 02607.888 30164.646 04303.034 04160.380 05217.211 08417.831 02717.819 02765.948 02743.428 08568.824 08483.753 08316.819 02875.487 02686.452 02712.567 02702.772 02627.122 02601.200 06468.806 03110.280
07906.211 08091.983 08126.643 07977.389 28948.126 26198.482 23540.697 23357.169 14940.173 22939.633 15291.253 07209.762 21084.177 -9999.0 -9999.0 -9999.0 -9999.0 -9999.0 04533.352 02620.821 05853.872 07306.227 07340.948 -9999.0 -9999.0 -9999.0 03983.339 05947.391 08191.728 07744.140 08283.382 08203.824 02625.262 02606.914 02928.838 07263.727 15140.319 08770.430 07963.377 02576.544 05559.517 04894.273 02711.115 02560.757 07698.907 07384.573 03365.829 05359.501 08698.847 08611.951 08461.387 08588.158 08403.263 08241.939 02561.683 02591.654 02605.036 02606.582 02558.431 08198.637 07896.417 07446.394
08021.199 26708.766 08149.737 07953.004 28717.617 14251.358 17899.863 23575.893 08904.648 07395.509 07540.726 07496.338 03913.716 -9999.0 -9999.0 -9999.0 -9999.0 -9999.0 -9999.0 -9999.0 -9999.0 -9999.0 -9999.0 03486.583 04031.502 06282.893 08177.461 08266.698 08277.762 08269.820 08272.345 08234.354 02635.244 02647.704 02369.632 -9999.0 02363.870 02585.673 08006.301 07015.364 03047.984 05156.232 07437.185 03436.666 04477.545 02668.446 03244.047 02905.764 08627.635 08685.442 08543.434 08538.965 08619.332 08336.176 03475.020 02550.302 05139.140 08286.108 08122.949 07856.002 02673.890 03215.652
07894.426 45934.205 22053.544 08014.626 23143.679 07189.656 16946.643 21813.730 07090.849 07450.651 07644.291 07641.448 07333.199 -9999.0 -9999.0 -9999.0 -9999.0 -9999.0 -9999.0 -9999.0 -9999.0 -9999.0 03901.301 07991.794 08281.829 08563.631 08433.936 08290.036 08234.921 08339.171 08285.752 08618.600 08162.118 02634.806 02653.227 02587.886 02584.034 07752.497 07287.098 08024.465 04464.560 03082.710 03582.995 07501.574 04765.152 02691.595 05164.134 08269.215 07951.881 07761.898 04840.205 08677.499 05701.974 08581.893 08235.190 02926.126 07918.894 07826.004 07849.110 06942.592 07911.408 03732.240
07811.304 25003.858 22202.547 07813.648 07523.054 -9999.0 -9999.0 -9999.0 -9999.0 07378.071 07660.246 07647.570 -9999.0 -9999.0 -9999.0 -9999.0 -9999.0 -9999.0 -9999.0 07181.411 07367.644 07674.625 07829.411 08016.580 08483.787 08614.430 08304.610 08253.721 05436.684 24045.610 28573.838 08596.290 08372.601 02730.802 02734.980 02808.721 03096.676 06590.580 08131.270 07335.161 06810.361 02452.281 02455.182 03402.223 07522.101 07180.454 08136.839 24939.566 37145.019 04547.698 02793.335 04284.028 03020.114 08486.581 08352.874 08063.741 07819.177 07746.983 07962.844 07928.308 02521.654 02534.102
08193.270 23359.453 07707.158 07475.038 07092.694 -9999.0 -9999.0 -9999.0 -9999.0 -9999.0 -9999.0 -9999.0 -9999.0 -9999.0 -9999.0 -9999.0 -9999.0 -9999.0 -9999.0 07225.035 07519.672 07806.016 08026.719 08381.399 08457.993 08660.449 04619.647 31255.108 04749.439 06031.367 02770.011 08262.101 08551.755 08561.235 06194.872 08230.103 08233.681 07225.949 07289.398 15212.764 24057.937 02458.669 02459.894 02454.074 03951.821 03027.928 12611.431 24769.336 28584.964 03582.163 02829.198 06828.197 08396.197 08529.403 08376.830 07930.959 07863.171 07847.239 02510.761 02553.673 02605.947 02606.187
07986.342 07706.234 07484.203 07103.728 -9999.0 -9999.0 -9999.0 -9999.0 -9999.0 -9999.0 -9999.0 -9999.0 -9999.0 -9999.0 -9999.0 -9999.0 -9999.0 -9999.0 -9999.0 07216.208 07618.895 07948.212 08204.945 08246.453 17829.297 03173.407 02788.943 21723.793 24940.610 02626.561 04533.309 08096.638 08092.331 08091.409 08345.409 08211.996 03746.099 03772.364 26304.536 19983.806 03377.044 20099.114 05796.071 02440.909 02429.339 02374.462 23605.975 25278.304 09051.363 06707.373 24770.673 08531.883 08334.368 08228.104 03523.851 02510.129 02515.560 07908.398 02535.582 02585.030 02595.394 02602.089
07633.494 07340.465 -9999.0 -9999.0 -9999.0 -9999.0 -9999.0 -9999.0 -9999.0 -9999.0 -9999.0 -9999.0 -9999.0 -9999.0 -9999.0 -9999.0 07083.589 07171.169 07197.891 07389.629 07596.271 07936.990 08190.475 25003.461 26671.149 03479.981 02786.042 03994.320 17024.422 04439.393 08069.119 08022.942 05470.715 02697.959 08145.771 08102.282 08006.478 07336.915 13931.535 02435.489 03813.353 02437.002 02436.355 02429.732 02387.171 02542.943 15539.619 06504.831 03801.137 03685.570 03540.397 08323.808 08168.471 08035.136 02508.393 02548.435 02515.336 05433.287 07592.807 02538.149 02961.914 02594.414
