Supplementary_Data/FB_x64/TestFarsite/SampleData/Outputs/test_ReactionIntensity.asc
NCOLS 401
NROWS 476
XLLCORNER -5994.000000
YLLCORNER -7142.000000
CELLSIZE 30.000000
NODATA_VALUE -9999.0
[rows 252 to 279 of 476, columns 62 to 123 of 401]
00275.272 00600.703 00286.541 00303.784 00291.372 00743.549 00529.465 00593.976 00582.315 00257.211 00289.854 00394.247 00491.914 00591.557 00596.053 00397.979 00383.741 00207.671 00627.448 00625.828 00356.212 00679.409 00467.932 00559.963 00585.496 00666.226 00687.231 00666.546 00560.729 00654.815 00671.448 00657.248 00657.002 00654.808 00654.520 00655.025 00672.798 00676.517 00658.455 00657.859 00614.989 00588.742 00652.905 00649.471 00349.190 00492.602 00488.019 00601.719 00228.164 00463.152 00205.975 00257.403 00206.439 00204.169 00202.541 00253.790 00612.149 00606.347 00580.023 00605.041 00599.366 00596.553
00316.474 00347.891 00481.163 00305.871 00581.069 00588.198 00583.366 00601.019 00286.386 00458.393 00212.491 00300.151 00312.373 00206.030 00281.133 00329.263 00205.252 00208.677 00562.961 00652.335 00464.698 00654.848 00578.684 00682.419 00666.987 00685.938 00657.113 00658.319 00651.162 00648.721 00653.888 00650.700 00656.215 00662.164 00656.660 00660.112 00406.316 00432.336 00659.783 00658.077 00654.514 00426.409 00453.705 00657.387 00646.049 00341.236 00368.201 00516.243 00625.089 00526.109 00429.436 00303.723 00270.020 00625.867 00336.259 00635.058 00217.622 00589.442 00604.126 00611.976 00614.841 00603.000
00903.605 00629.343 00581.589 00590.959 00593.514 00599.824 00595.670 00604.723 00482.578 00212.818 00646.213 00643.557 00629.631 00645.926 00653.268 00584.383 00227.748 00196.655 00650.712 00369.346 00666.364 00432.589 00380.720 00291.234 00554.702 00654.199 00648.294 00645.909 00628.188 00260.217 00646.860 00554.178 00649.594 00655.188 00659.834 00658.865 00457.322 00665.448 00503.746 00680.932 00662.349 00654.557 00651.867 00337.416 00659.332 00651.545 00646.305 00641.091 00393.595 00499.057 00585.640 00205.803 00521.843 00503.301 00461.764 00282.421 00404.321 00539.637 00611.111 00337.990 00622.850 00604.649
00565.606 00584.803 00586.966 00593.842 00610.150 00610.175 00604.726 00589.842 00356.005 00214.330 00658.162 00505.280 00656.023 00657.060 00437.861 00200.725 00191.320 00368.253 00667.397 00602.448 00682.318 00633.361 00654.017 00674.974 00658.117 00646.254 00375.458 00428.299 00466.256 00024.852 00642.590 00610.499 00258.559 00646.859 00652.149 00653.622 00647.245 00657.340 00420.066 00660.137 00673.006 00659.524 00659.853 00656.691 00225.904 00661.186 00669.196 00650.259 00651.037 00652.747 00652.092 00647.278 00215.550 00335.878 00481.093 00274.512 00360.684 00362.663 00563.124 00264.422 00281.332 00560.558
00307.140 00590.101 00601.050 00609.194 00512.226 00536.108 00372.490 00430.112 00252.222 00640.927 00669.320 00582.983 00623.763 00296.439 00673.390 00661.974 00316.469 00367.865 00647.533 00346.215 00619.446 00515.122 00651.668 00549.752 00416.413 00474.991 00329.826 00431.787 00585.283 00652.678 00559.243 00613.512 00513.738 00602.020 00643.486 00524.879 00645.959 00267.951 00574.598 00678.952 00660.330 00657.716 00660.205 00657.023 00657.325 00443.701 00246.464 00655.365 00601.873 00591.340 00339.066 00657.766 00651.318 00663.839 00648.385 00612.116 00596.180 00303.627 00488.348 00340.270 00545.769 00248.896
00477.731 00598.761 00612.732 00274.957 00625.910 00270.632 00524.619 00608.324 00651.658 00646.097 00655.771 00560.155 00654.071 00654.657 00662.853 00576.202 00405.974 00243.514 00457.111 00223.759 00671.723 00658.278 00650.655 00474.716 00101.126 00472.663 00549.748 00599.077 00505.373 00534.865 00589.556 00511.540 00631.092 00645.825 00314.888 00458.699 00539.809 00616.119 00243.378 00547.628 00508.524 00650.592 00655.723 00657.324 00658.979 00653.150 00490.298 00465.794 00444.586 00658.126 00652.744 00400.021 00611.713 00674.216 00656.680 00649.537 00293.581 00553.710 00317.150 00442.959 00512.377 00316.384
00543.024 00608.153 00396.613 00342.398 00460.124 00216.805 00583.945 00658.105 00546.207 00657.448 00300.184 00653.587 00657.146 00657.290 00679.899 00280.736 00653.858 00208.271 00180.873 00585.624 00670.867 00669.983 00652.924 00326.464 00269.772 00652.663 00331.510 00546.761 00373.679 00497.418 00467.348 00474.845 00007.305 00577.461 00640.115 00582.249 00604.264 00626.536 00649.564 00361.565 00387.848 00321.152 00648.906 00656.351 00660.791 00655.892 00653.453 00596.548 00667.529 00679.950 00661.473 00652.275 00340.097 00458.467 00269.787 00656.525 00643.175 00363.791 00364.435 00491.880 00243.986 00421.660
00603.734 00547.933 00342.411 00466.732 00657.515 00645.259 00653.340 00652.858 00456.251 00589.269 00653.773 00656.817 00652.044 00651.573 00651.956 00354.550 00561.782 00199.383 00645.332 00654.395 00641.356 00663.458 00648.709 00657.922 00468.299 00317.709 00488.471 00213.276 00618.606 00617.955 00617.473 00614.807 00418.810 00499.114 00265.505 00519.016 00177.931 00401.802 00013.384 00637.823 00593.290 00114.350 00254.255 00657.275 00655.169 00661.320 00659.804 00656.889 00661.579 00659.747 00680.092 00681.225 00681.567 00265.385 00662.546 00352.051 00641.803 00657.185 00652.860 00647.240 00432.638 00224.536
00590.409 00440.974 00585.889 00408.522 00301.600 00657.389 00223.882 00596.821 00346.885 00653.414 00656.988 00654.306 00498.220 00589.897 00648.815 00502.658 00500.966 00622.616 00667.830 00194.988 00578.124 00676.415 00645.153 00620.884 00579.698 00394.204 00619.836 00621.328 00633.413 00622.417 00626.029 00621.190 00616.129 00391.816 00473.182 00534.608 00260.382 00368.986 00517.983 00420.243 00582.451 00636.182 00365.414 00599.675 00648.274 00656.059 00661.231 00660.673 00662.040 00656.577 00676.767 00662.940 00633.183 00447.149 00530.244 00645.177 00667.238 00668.717 00653.759 00675.563 00652.364 00645.175
00400.399 00514.258 00645.768 00593.483 00633.098 00293.672 00653.634 00440.775 00516.740 00549.297 00602.450 00557.612 00345.127 00219.248 00219.520 00025.675 00077.792 00564.810 00315.550 00392.498 00196.313 00676.225 00571.542 00368.125 00400.999 00616.533 00624.509 00643.469 00644.932 00635.272 00633.652 00623.368 00619.865 00272.310 00619.252 00623.479 00621.788 00615.284 00434.083 00244.427 00279.672 00320.339 00629.513 00322.726 00570.988 00656.341 00656.256 00663.760 00652.767 00571.293 00661.879 00661.029 00584.893 00609.670 00598.695 00513.106 00424.478 00652.296 00658.154 00427.183 00628.355 00599.236
00626.410 00651.529 00433.422 00267.382 00648.206 00655.591 00656.609 00656.370 00656.180 00524.204 00501.779 00310.108 00445.995 00219.745 00162.154 00049.828 00353.681 00639.993 00347.870 00106.242 00481.039 00486.022 00062.691 00302.301 00266.161 00620.456 00642.133 00653.027 00650.752 00645.960 00637.852 00633.408 00622.230 00616.228 00627.380 00634.081 00624.780 00627.895 00619.068 00616.681 00525.387 00123.438 00632.098 00415.093 00345.640 00647.829 00651.054 00652.112 00670.246 00648.094 00675.236 00664.527 00568.213 00661.442 00192.693 00654.187 00660.816 00399.236 00338.069 00377.859 00226.674 00640.547
00611.344 00651.707 00323.209 00295.484 00223.043 00656.606 00654.734 00413.669 00612.672 00610.852 00540.551 00383.662 00512.616 00222.481 00204.123 00080.232 00341.468 00469.737 00447.621 00438.411 00269.683 00205.547 00221.845 00373.014 00333.031 00608.244 00480.469 00516.054 00652.875 00652.624 00644.668 00637.851 00628.367 00626.151 00638.776 00642.951 00639.452 00634.528 00630.164 00630.744 00616.225 00485.357 00307.389 00544.205 00530.530 00281.428 00602.765 00653.736 00314.592 00575.680 00624.983 00659.127 00182.324 00654.873 00257.045 00617.197 00363.704 00261.176 00479.559 00652.758 00631.775 00220.078
00628.269 00651.174 00217.155 00223.157 00223.221 00655.700 00653.204 00479.827 00352.515 00356.829 00409.505 00589.032 00649.195 00361.508 00252.195 00448.817 00418.754 00053.542 00076.944 00175.050 00574.979 00184.009 00261.639 00617.248 00183.025 00550.607 00657.573 00646.766 00404.660 00376.027 00649.807 00638.081 00625.183 00639.445 00634.475 00647.264 00647.315 00646.774 00632.677 00422.015 00621.708 00438.871 00284.852 00120.391 00609.212 00260.692 00433.644 00490.619 00555.953 00321.584 00413.178 00268.301 00383.996 00532.918 00324.860 00204.036 00285.425 00158.587 00653.268 00245.598 00227.559 00219.484
00626.618 00650.777 00655.238 00653.308 00653.238 00657.381 00656.737 00655.342 00653.537 00250.823 00258.119 00654.270 00659.968 00466.953 00304.930 00518.410 00183.526 00089.319 00106.167 00492.033 00567.526 00278.087 00616.578 00634.314 00513.799 00662.398 00593.028 00660.596 00516.795 00615.455 00658.288 00638.579 00634.427 00621.619 00224.992 00509.767 00661.795 00637.220 00647.342 00637.406 00622.019 00619.163 00516.135 00106.490 00602.047 00612.154 00559.307 00578.074 00383.815 00128.926 00232.587 00266.328 00133.070 00625.269 00644.937 00428.916 00513.587 00523.316 00471.067 00240.897 00050.150 00218.827
00582.616 00652.933 00511.436 00656.178 00676.991 00637.880 00653.864 00657.271 00679.705 00679.069 00656.035 00660.077 00661.245 00665.679 00338.778 00247.032 00362.781 00195.309 00196.121 00553.540 00319.243 00605.470 00627.816 00638.984 00659.716 00216.522 00400.811 00655.216 00394.809 00211.550 00445.450 00339.315 00639.600 00538.124 00326.844 00651.276 00650.986 00648.377 00644.116 00638.007 00625.652 00627.613 00615.364 00528.913 00351.193 00040.893 00613.742 00249.423 00572.455 00645.956 00578.637 00615.261 00141.526 00265.081 00303.484 00343.285 00595.169 00282.194 00630.139 00338.247 00134.024 00219.840
00443.696 00653.506 00352.064 00389.133 00653.108 00648.137 00662.059 00393.237 00654.970 00657.818 00662.687 00653.225 00659.435 00659.639 00656.011 00651.866 00653.795 00181.225 00222.157 00302.373 00225.957 00599.462 00519.221 00645.383 00664.853 00211.524 00216.818 00213.748 00213.495 00579.820 00664.689 00634.828 00455.202 00660.835 00401.652 00640.323 00662.837 00599.294 00647.576 00642.371 00639.207 00626.921 00621.615 00251.345 00382.791 00500.187 00084.998 00434.845 00358.543 00387.112 00524.745 00577.152 00382.921 00619.794 00231.586 00613.066 00638.609 00485.928 00647.925 00184.782 00050.190 00525.833
00651.652 00389.985 00417.394 00504.160 00518.664 00580.903 00658.729 00402.583 00639.759 00601.732 00659.053 00659.955 00658.909 00655.539 00662.210 00653.026 00175.613 00137.836 00195.965 00616.475 00623.494 00635.957 00636.719 00646.771 00249.999 00215.273 00378.164 00341.959 00211.669 00307.291 00600.619 00225.169 00474.997 00558.204 00525.661 00678.415 00666.772 00658.534 00660.751 00651.898 00639.483 00638.821 00620.423 00627.991 00621.471 00615.148 00218.416 00045.634 00629.437 00606.749 00442.837 00617.461 00586.396 00464.139 00265.016 00422.174 00003.914 00606.681 00310.957 00172.698 00603.778 00163.860
00646.584 00469.918 00326.573 00183.535 00225.846 00481.899 00643.927 00663.915 00295.848 00559.537 00652.378 00659.489 00652.471 00649.281 00654.666 00389.241 00325.998 00533.786 00635.297 00483.881 00630.667 00643.515 00646.888 00650.853 00663.881 00272.344 00363.464 00586.444 00671.235 00524.336 00601.872 00660.702 00389.706 00345.195 00183.706 00430.894 00334.643 00213.252 00477.682 00510.265 00647.390 00650.190 00284.546 00572.269 00639.019 00621.633 00398.334 00442.380 00517.396 00632.329 00622.660 00245.650 00372.600 00558.566 00459.798 00426.900 00167.879 00556.273 00572.563 00239.325 00394.726 00026.122
00314.132 00246.106 00667.442 00683.264 00338.006 00460.248 00278.783 00642.096 00580.807 00471.693 00493.796 00657.457 00648.275 00219.770 00555.674 00050.825 00607.935 00070.041 00084.605 00617.809 00637.897 00510.096 00408.972 00645.163 00294.076 00470.659 00255.196 00590.587 00464.847 00202.861 00657.878 00651.255 00647.616 00332.036 00660.156 00662.866 00651.693 00662.248 00248.701 00159.721 00159.347 00463.551 00598.506 00466.053 00419.824 00310.276 00391.132 00624.823 00639.520 00638.746 00278.465 00584.012 00322.790 00642.033 00644.828 00637.407 00567.413 00187.055 00550.428 00166.972 00619.631 00152.981
00576.768 00547.123 00684.409 00546.421 00535.024 00650.222 00304.853 01061.609 00360.087 00508.467 00240.841 00584.401 00655.371 00084.312 00601.676 00643.798 00327.725 00459.865 00221.042 00358.512 00491.882 00459.390 00452.546 00195.555 00201.603 00285.682 00411.591 00518.529 00518.810 00241.368 00326.186 00163.187 00547.323 00642.737 00658.142 00635.359 00653.060 00654.202 00662.778 00662.699 00662.058 00622.557 00190.581 00555.795 00664.638 00568.463 00304.771 00650.673 00649.064 00652.349 00606.649 00632.849 00485.684 00633.583 00377.063 00648.742 00642.009 00324.246 00159.978 00482.017 00395.209 00582.659
00329.144 00323.242 00656.955 00273.451 00381.431 00248.587 00220.317 00404.941 00233.980 00207.609 00602.188 00619.773 00516.688 00351.193 00632.001 00328.281 00376.952 00621.948 00627.832 00600.147 00307.583 00592.259 00436.913 00256.400 00559.300 00386.646 00188.057 00659.522 00611.524 00674.092 00549.841 00650.465 00628.582 00613.617 00633.174 00606.846 00629.865 00652.613 00658.133 00647.610 00661.760 00662.402 00676.522 00657.340 00497.773 00668.594 00663.408 00634.057 00658.290 00550.326 00321.125 00616.337 00610.951 00666.483 00662.986 00406.959 00651.813 00319.246 00305.069 00432.509 00457.074 00209.260
00384.456 00414.305 00654.644 00309.179 00547.720 00304.915 00219.278 00448.936 00250.242 00024.113 00517.321 00156.677 00040.634 00576.208 00547.507 00531.389 00409.003 00445.000 00372.818 00441.856 00246.801 00662.825 00549.913 00469.040 00480.597 00450.846 00425.767 00622.556 00561.157 00089.952 00102.766 00111.582 00172.953 00599.138 00645.196 00209.192 00610.844 00630.729 00630.043 00629.326 00636.369 00658.728 00662.200 00575.071 00661.038 00598.286 00669.286 00517.697 00612.995 00660.452 00667.701 00214.079 00527.608 00668.999 00562.874 00671.388 00622.407 00573.668 00601.483 00630.334 00601.015 00587.387
00656.810 00657.238 00304.576 00556.422 00189.541 00235.984 00186.454 00267.159 00167.173 00580.227 00148.740 00494.701 00099.204 00244.352 00620.024 00334.677 00646.644 00657.270 00306.126 00633.782 00662.236 00661.004 00631.627 00278.250 00566.231 00634.242 00643.705 00641.370 -9999.000 -9999.0 -9999.0 -9999.0 -9999.0 -9999.0 -9999.000 -9999.000 -9999.000 00624.575 00605.845 00608.566 00502.214 00643.674 00645.426 00658.557 00636.305 00656.805 00248.261 00458.511 00371.604 00609.087 00217.475 00212.971 00212.406 00215.601 00622.226 00646.943 00644.365 00302.471 00510.056 00629.599 00625.407 00363.928
00650.981 00373.813 00476.164 00305.472 00642.678 00578.354 00645.120 00582.938 00024.147 00305.744 00013.008 00616.464 00623.263 00631.837 00638.713 00650.520 00656.978 00363.907 00562.904 00658.246 00651.096 00646.241 00614.609 00229.082 00542.200 00567.621 00607.892 00594.061 -9999.000 -9999.0 -9999.0 -9999.0 -9999.0 -9999.0 -9999.0 -9999.0 -9999.0 -9999.000 -9999.000 -9999.000 00622.320 00616.949 00637.661 00661.277 00662.187 00581.698 00656.326 00655.310 00516.965 00214.540 00308.875 00217.186 00215.988 00293.039 00400.662 00654.093 00650.059 00652.973 00638.736 00638.204 00624.697 00619.641
00645.099 00379.856 00626.780 00645.170 00107.687 00227.702 00167.410 00547.691 00215.109 00614.945 00482.716 00622.771 00637.427 00642.057 00650.256 00662.290 00665.859 00604.251 00661.090 00640.284 00581.222 00614.563 00634.728 00491.794 00268.650 00213.238 00213.547 00443.777 -9999.000 -9999.0 -9999.0 -9999.0 -9999.0 -9999.0 -9999.0 -9999.0 -9999.0 -9999.0 -9999.0 -9999.0 -9999.000 00643.256 00615.994 00638.358 00662.757 00654.777 00662.867 00444.674 00261.104 00592.308 00658.339 00604.290 00563.794 00668.969 00666.479 00662.473 00659.432 00331.297 00647.994 00638.277 00629.700 00632.696
00555.346 00258.615 00194.985 00257.728 00498.674 00236.638 00587.188 00599.670 00412.191 00608.353 00622.593 00627.926 00649.335 00287.565 00659.336 00588.921 00561.911 00657.046 00662.163 00639.058 00601.853 00530.995 00210.907 00206.811 00202.269 00180.588 00129.764 00200.651 -9999.000 -9999.0 -9999.0 -9999.0 -9999.0 -9999.0 -9999.0 -9999.0 -9999.0 -9999.0 -9999.0 -9999.0 -9999.0 -9999.000 00650.229 00617.412 00637.646 00648.426 00667.412 00662.153 00675.342 00675.274 00623.653 00674.063 00663.031 00532.402 00625.999 00668.090 00666.531 00663.156 00649.844 00640.959 00639.134 00639.761
00308.780 00575.813 00194.852 00195.547 00472.649 00398.734 00620.605 00370.721 00568.254 00351.088 00630.156 00636.708 00512.679 00660.036 00585.717 00654.908 00677.704 00666.642 00655.084 00631.485 00642.961 00186.883 -9999.000 -9999.000 -9999.000 -9999.000 -9999.0 -9999.0 -9999.0 -9999.0 -9999.0 -9999.0 -9999.0 -9999.0 -9999.0 -9999.0 -9999.0 -9999.0 -9999.0 -9999.0 -9999.0 -9999.0 -9999.000 00651.556 00610.702 00628.296 00659.587 00657.786 00669.711 00663.042 00662.588 00548.943 00404.037 00655.673 00667.238 00254.037 00672.963 00675.448 00652.216 00650.867 00662.265 00653.669
00524.565 00051.216 00194.972 00230.588 00475.656 00621.525 00586.548 00519.352 00313.873 00464.092 00639.658 00649.196 00657.491 00461.618 00413.220 00385.146 00655.588 00662.971 00657.788 00629.805 00533.481 -9999.000 -9999.0 -9999.0 -9999.0 -9999.0 -9999.0 -9999.0 -9999.0 -9999.0 -9999.0 -9999.0 -9999.0 -9999.0 -9999.0 -9999.0 -9999.0 -9999.0 -9999.0 -9999.0 -9999.0 -9999.0 -9999.0 -9999.0 -9999.000 00611.382 00640.469 00655.886 00656.895 00661.893 00655.082 00652.553 00681.106 00672.471 00661.078 00658.676 00506.246 00664.471 00611.450 00660.969 00647.011 00650.241
