Supplementary_Data/FB_x64/TestFarsite/SampleData/Outputs/test_FlameLength.asc
NCOLS 401
NROWS 476
XLLCORNER -5994.000000
YLLCORNER -7142.000000
CELLSIZE 30.000000
NODATA_VALUE -9999.0
[rows 160 to 191 of 476, columns 144 to 215 of 401]
00.41 00.43 00.60 00.65 00.68 00.74 00.82 00.74 00.59 00.76 00.77 00.77 00.54 00.54 00.49 00.48 00.52 00.47 -9999.0 00.29 00.13 -9999.0 -9999.0 00.43 00.33 00.41 00.51 00.19 00.15 00.44 00.30 00.49 00.51 00.62 00.67 00.60 00.56 00.55 00.57 00.44 00.50 00.48 00.47 00.42 00.45 00.46 00.51 00.55 00.58 00.48 00.21 00.75 00.62 00.81 00.53 01.16 02.08 02.31 03.06 00.36 00.43 00.31 00.22 00.15 00.47 00.45 00.39 00.36 00.34 00.47 00.54 00.50
00.55 00.44 00.58 00.64 00.73 00.78 00.81 00.82 00.60 00.68 00.72 00.62 00.50 00.42 00.42 00.45 00.44 00.43 00.44 00.51 00.29 00.24 00.40 00.53 00.51 00.41 00.48 00.29 -9999.0 00.38 00.16 00.47 00.52 00.56 00.58 00.55 00.54 00.46 00.44 00.50 00.39 00.42 00.43 00.45 00.48 00.54 00.64 00.56 00.56 00.49 00.50 00.81 00.64 00.57 00.55 01.19 01.49 01.53 01.55 01.46 00.52 00.50 00.16 00.13 00.72 00.39 00.37 00.33 00.32 00.48 00.52 00.56
00.48 00.43 00.54 00.58 00.67 00.69 00.74 00.77 00.56 00.60 00.67 00.48 00.51 00.51 00.58 00.45 00.40 00.57 00.49 00.41 00.39 00.20 00.24 00.52 00.58 00.52 00.44 00.50 00.58 -9999.0 00.20 00.44 00.35 00.52 00.50 00.55 00.50 00.45 00.42 00.44 00.41 00.42 00.42 00.46 00.50 00.52 00.62 00.55 00.50 00.46 00.50 00.63 00.58 00.54 00.52 00.84 00.67 00.75 00.78 00.25 00.40 00.84 00.18 00.13 00.46 00.36 00.34 00.37 00.39 00.49 00.51 00.54
00.62 00.43 00.47 00.56 00.66 00.70 00.62 00.66 00.52 00.47 00.54 00.43 00.45 00.45 00.42 00.41 00.56 00.59 00.57 00.38 00.46 00.56 00.19 00.52 00.62 00.61 00.49 00.56 00.59 00.18 -9999.0 -9999.0 00.17 00.33 00.52 00.50 00.41 00.42 00.43 00.43 00.43 00.44 00.45 00.51 00.53 00.51 00.51 00.48 00.43 00.41 00.50 00.57 00.52 00.49 00.51 00.54 00.57 00.62 00.67 00.68 00.41 00.27 00.56 00.29 00.35 00.44 00.44 00.39 00.36 00.58 00.55 00.54
00.56 00.45 00.50 00.56 00.69 00.63 00.56 00.49 00.43 00.41 00.36 00.39 00.41 00.41 00.50 00.57 00.57 00.46 00.53 00.58 00.46 00.47 00.19 00.20 00.21 00.24 00.56 00.60 00.54 00.63 00.30 -9999.0 00.20 00.31 00.52 00.44 00.40 00.43 00.41 00.44 00.43 00.49 00.45 00.53 00.53 00.48 00.43 00.43 00.41 00.38 00.50 00.47 00.43 00.45 00.49 00.53 00.57 00.63 00.66 00.70 00.43 00.18 00.19 00.25 00.40 00.46 00.46 00.41 00.36 00.58 00.59 00.57
00.48 00.47 00.48 00.56 00.56 00.61 00.40 00.50 00.41 00.58 00.43 00.54 00.57 00.50 00.46 00.56 00.54 00.42 00.23 00.19 00.19 00.19 00.58 00.50 00.45 00.25 00.21 00.58 00.47 00.41 00.58 -9999.0 00.26 00.56 00.41 00.30 00.41 00.41 00.40 00.43 00.42 00.72 00.57 00.44 00.71 00.48 00.40 00.39 00.38 00.37 00.40 00.43 00.65 00.53 00.46 00.53 00.50 00.53 00.53 00.62 00.35 00.19 00.13 00.42 00.45 00.44 00.44 00.40 00.37 00.52 00.61 00.62
00.43 00.44 00.36 00.48 00.61 00.54 00.20 00.20 00.53 00.45 00.49 00.57 00.60 00.32 00.25 00.20 00.21 00.33 00.54 00.50 00.53 00.53 00.58 00.63 00.39 00.24 00.23 00.42 00.78 00.24 00.49 00.14 00.43 00.46 00.34 00.26 00.37 00.45 00.48 00.56 00.52 00.68 00.42 00.51 00.72 00.47 00.40 00.34 00.41 00.55 00.57 00.61 00.63 00.58 00.40 00.43 00.45 00.39 00.40 00.44 00.21 00.37 00.41 00.46 00.50 00.46 00.40 00.38 00.39 00.55 00.60 00.64
00.46 00.34 00.20 00.41 00.47 00.55 00.56 00.21 00.24 00.16 00.34 00.21 00.20 00.19 00.40 00.55 00.58 00.44 00.57 00.55 00.53 00.50 00.55 00.55 00.51 00.52 00.67 00.37 00.24 00.25 00.22 00.36 00.43 00.41 00.25 00.58 00.32 00.32 00.37 00.73 00.48 00.75 00.84 00.64 00.69 00.39 00.38 00.46 00.45 00.42 00.52 00.54 00.57 00.57 00.53 00.43 00.30 00.33 00.39 00.37 00.36 00.44 03.07 00.60 00.41 00.28 00.31 00.37 00.56 00.65 00.67 00.63
00.27 00.22 00.22 00.18 00.14 00.56 00.59 00.32 00.22 00.19 00.18 00.47 00.56 00.27 00.67 00.44 00.54 00.62 00.54 00.55 00.56 00.54 00.58 00.57 00.56 00.50 00.61 00.66 00.57 00.23 00.55 00.20 00.27 00.27 00.43 00.44 00.43 00.34 00.23 00.78 00.59 00.71 00.69 00.66 00.62 00.38 00.40 00.42 00.47 00.45 00.44 00.44 00.50 00.56 00.52 00.39 00.33 00.37 00.43 00.38 00.58 01.71 03.74 00.22 00.15 00.55 00.95 00.50 01.15 02.10 00.70 00.62
00.31 00.57 00.60 00.51 00.64 00.55 00.59 00.26 00.20 00.35 00.59 00.47 00.57 00.65 00.66 00.60 00.51 00.54 00.56 00.55 00.53 00.54 00.57 00.58 00.60 00.57 00.58 00.62 00.50 00.65 00.63 00.61 00.40 00.25 00.17 00.23 00.13 00.46 00.59 00.81 00.90 00.93 00.95 00.63 00.57 00.37 00.37 00.53 00.62 00.49 00.47 00.44 00.37 00.40 00.40 00.37 00.34 00.49 00.61 00.66 00.77 00.82 01.06 00.18 00.21 00.36 00.16 00.54 02.23 04.04 04.09 08.61
00.58 00.59 00.60 00.60 00.68 00.54 00.58 00.55 00.52 00.51 00.57 00.54 00.51 00.51 00.57 00.48 00.51 00.53 00.55 00.54 00.56 00.59 00.56 00.55 00.59 00.54 00.58 00.57 00.52 00.56 00.59 00.69 00.52 00.60 00.18 00.21 00.16 00.58 00.63 01.02 00.72 01.19 00.90 00.56 00.51 00.48 00.43 00.55 00.62 00.63 00.59 00.45 00.41 00.37 00.38 00.47 00.45 00.59 00.74 00.91 01.04 00.59 00.16 00.15 00.34 00.15 00.57 00.19 03.31 06.04 12.93 17.06
00.57 00.57 00.58 00.59 00.60 00.65 00.58 00.59 00.51 00.53 00.54 00.59 00.58 00.51 00.57 00.57 00.52 00.52 00.53 00.54 00.54 00.54 00.57 00.63 00.60 00.58 00.59 00.51 00.62 00.48 00.49 00.44 00.53 00.59 00.19 00.19 00.53 00.56 00.59 01.00 00.12 01.00 00.70 00.44 00.81 00.61 00.58 00.54 00.66 00.63 00.61 00.45 00.43 00.41 00.57 00.62 00.58 00.70 00.81 01.17 00.82 00.39 00.34 00.28 00.47 00.18 00.53 00.20 05.31 18.08 17.19 12.87
00.57 00.54 00.64 00.62 00.63 00.60 00.62 00.56 00.55 00.59 00.54 00.58 00.52 00.53 00.60 00.58 00.58 00.54 00.54 00.57 00.60 00.60 00.62 00.62 00.57 00.54 00.58 00.58 00.62 00.59 00.52 00.45 00.45 00.37 00.18 00.18 00.40 00.60 00.54 00.81 00.95 00.52 00.23 00.96 00.39 00.58 00.55 00.66 00.67 00.68 00.62 00.56 00.38 00.49 00.60 00.64 00.67 00.70 00.72 00.85 00.63 00.44 00.57 00.22 00.39 00.53 00.56 00.21 16.23 18.83 17.10 18.54
00.53 00.59 00.61 00.67 00.70 00.59 00.67 00.65 00.57 00.58 00.59 00.58 00.52 00.46 00.55 00.56 00.57 00.53 00.55 00.60 00.48 00.52 00.51 00.59 00.57 00.49 00.52 00.53 00.51 00.45 00.50 00.43 00.45 00.48 00.45 00.18 00.39 00.54 00.72 00.55 00.85 01.22 00.70 00.33 00.43 00.77 00.55 00.58 00.62 00.72 00.61 00.59 00.55 00.59 00.64 00.68 00.70 00.72 00.72 00.69 00.59 00.56 00.64 00.58 00.43 00.54 00.57 00.21 17.34 18.59 19.42 18.63
00.53 00.54 00.66 00.68 00.75 00.54 00.62 00.59 00.47 00.62 00.58 00.59 00.50 00.58 00.61 00.53 00.55 00.55 00.52 00.47 00.56 00.56 00.53 00.49 00.48 00.48 00.47 00.52 00.50 00.46 00.45 00.43 00.45 00.42 00.36 00.26 00.40 00.35 00.81 00.26 00.91 01.13 00.91 00.72 00.64 00.69 00.51 00.51 00.59 00.59 00.52 00.62 00.45 00.74 00.76 00.73 00.71 00.68 00.63 00.62 00.58 00.78 00.71 00.54 00.49 00.50 00.58 00.20 09.00 16.12 19.50 18.47
00.45 00.44 00.69 00.65 00.55 00.54 00.59 00.62 00.52 00.47 00.58 00.56 00.49 00.55 00.53 00.57 00.54 00.53 00.43 00.43 00.50 00.55 00.55 00.53 00.41 00.48 00.43 00.46 00.39 00.40 00.41 00.42 00.45 00.46 00.44 00.38 00.46 00.57 00.66 00.57 01.00 01.02 01.04 00.71 00.57 00.61 00.53 00.54 00.59 00.61 00.60 00.61 00.37 00.72 00.75 00.70 00.72 00.63 00.57 00.57 00.69 00.71 00.69 00.59 00.44 00.48 00.57 00.48 05.78 15.36 18.71 07.41
00.48 00.44 00.59 00.54 00.48 00.56 00.54 00.52 00.52 00.46 00.41 00.52 00.56 00.57 00.58 00.56 00.53 00.45 00.50 00.44 00.43 00.45 00.49 00.50 00.40 00.61 00.56 00.51 00.42 00.40 00.40 00.59 00.73 00.67 00.44 00.37 00.38 00.50 00.57 00.53 01.03 00.73 01.02 00.29 -9999.0 00.50 00.51 00.53 00.65 00.46 00.71 00.68 00.74 00.68 00.71 00.70 00.69 00.58 00.54 00.50 00.72 00.76 00.69 00.61 00.39 00.41 00.47 00.45 02.62 11.30 13.90 04.21
00.47 00.39 00.39 00.60 00.58 00.58 00.48 00.42 00.46 00.44 00.38 00.51 00.50 00.51 00.48 00.58 00.52 00.50 00.42 00.52 00.49 00.49 00.48 00.45 00.39 00.39 00.47 00.44 00.44 00.42 00.53 00.60 00.92 00.80 00.56 00.44 00.38 00.44 00.49 00.49 00.65 00.34 00.73 00.47 00.29 00.13 00.23 00.45 00.60 00.38 00.50 00.72 00.58 00.70 00.67 00.66 00.63 00.51 00.51 00.63 00.71 00.70 00.65 00.52 00.37 00.35 00.49 00.56 00.35 04.89 02.77 00.93
00.51 00.44 00.40 00.53 00.50 00.52 00.47 00.52 00.49 00.48 00.40 00.48 00.51 00.51 00.46 00.50 00.42 00.42 00.46 00.49 00.49 00.47 00.48 00.47 00.41 00.40 00.41 00.43 00.44 00.43 00.60 00.65 00.86 00.84 00.55 00.53 00.24 00.40 00.35 00.26 00.60 00.28 00.33 00.35 00.29 01.01 01.28 00.14 00.43 00.46 00.65 00.63 00.41 00.84 00.68 00.78 00.54 00.63 00.60 00.59 00.61 00.62 00.62 00.54 00.38 00.47 00.51 00.48 00.51 00.86 00.97 12.05
00.59 00.49 00.41 00.41 00.42 00.42 00.47 00.55 00.52 00.50 00.46 00.39 00.52 00.41 00.43 00.42 00.42 00.51 00.60 00.61 00.59 00.50 00.44 00.46 00.41 00.37 00.42 00.44 00.46 00.41 00.54 00.78 00.83 00.75 00.59 00.54 00.30 00.22 00.39 00.23 00.48 00.52 00.54 00.73 00.93 01.09 01.30 00.99 00.72 00.51 00.64 00.48 00.45 00.84 00.78 00.59 00.56 00.62 00.62 00.73 00.65 00.62 00.57 00.47 00.48 00.45 00.44 00.47 00.68 00.80 02.29 03.47
00.57 00.55 00.50 00.48 00.49 00.43 00.43 00.46 00.48 00.54 00.47 00.38 00.51 00.44 00.46 00.43 00.41 00.58 00.70 00.70 00.70 00.70 00.61 00.45 00.46 00.39 00.42 00.43 00.44 00.58 00.51 00.80 00.70 00.64 00.92 00.95 00.31 00.32 00.24 00.50 00.20 00.58 00.70 00.77 00.92 01.13 01.30 00.75 00.15 00.24 00.63 00.67 00.55 00.54 00.76 00.89 00.94 00.86 00.81 00.41 00.47 00.61 00.50 00.47 00.44 00.42 00.38 00.40 00.42 00.69 00.66 00.14
00.55 00.51 00.48 00.45 00.50 00.43 00.27 00.47 00.58 00.56 00.47 00.37 00.39 00.39 00.46 00.47 00.51 00.66 00.72 00.71 00.69 00.69 00.70 00.65 00.51 00.41 00.43 00.40 00.44 00.63 00.41 00.71 00.26 00.61 00.96 01.02 00.79 00.32 00.67 00.81 00.17 00.43 00.65 00.75 00.94 01.18 00.97 -9999.0 01.00 00.20 00.55 00.72 00.89 01.10 00.97 00.24 00.91 00.89 00.93 00.79 00.62 00.62 00.55 00.59 00.60 00.37 00.36 00.34 00.45 00.51 00.52 00.69
00.54 00.53 00.56 00.41 00.48 00.40 00.24 00.47 00.58 00.53 00.49 00.38 00.38 00.41 00.43 00.53 00.58 00.68 00.72 00.70 00.68 00.66 00.69 00.69 00.56 00.47 00.42 00.39 00.49 00.55 00.27 00.83 00.29 00.41 01.00 01.15 00.88 00.95 00.93 00.44 00.26 00.48 00.59 00.74 00.99 01.27 01.18 00.31 00.85 00.55 00.54 00.80 00.79 00.84 00.84 00.37 00.65 00.96 00.91 00.68 00.60 00.61 00.52 00.52 00.38 00.36 00.35 00.33 00.38 00.56 00.54 00.68
00.56 00.58 00.56 00.52 00.53 00.77 00.76 00.82 00.82 00.54 00.43 00.41 00.40 00.40 00.44 00.54 00.59 00.67 00.69 00.70 00.72 00.65 00.66 00.69 00.49 00.46 00.41 00.38 00.45 00.52 00.58 00.68 00.31 00.32 01.01 01.03 00.85 01.01 00.33 00.28 00.30 01.06 00.36 00.65 01.01 01.23 01.18 00.28 -9999.0 00.21 00.54 00.96 00.79 00.62 00.37 00.59 00.80 00.82 00.67 00.60 00.52 00.50 00.49 00.49 00.40 00.35 00.40 00.43 00.40 00.51 00.58 00.55
00.61 00.66 00.65 00.60 00.58 00.63 00.68 00.73 00.83 00.79 00.43 00.37 00.45 00.40 00.45 00.50 00.67 00.72 00.79 00.84 00.76 00.65 00.60 00.62 00.65 00.50 00.40 00.37 00.43 00.49 00.56 00.88 00.76 00.47 00.90 00.77 00.93 00.61 00.30 00.53 01.03 01.05 00.42 00.46 01.03 01.12 01.06 00.79 01.05 00.21 -9999.0 00.87 00.86 00.62 00.29 01.14 00.70 00.60 00.55 00.50 00.52 00.58 00.60 00.68 00.38 00.38 00.42 00.47 00.39 00.47 00.48 00.51
00.71 00.71 00.73 00.70 00.61 00.61 00.63 00.65 00.70 00.72 00.45 00.38 00.42 00.45 00.46 00.51 00.66 00.74 00.74 00.73 00.71 00.63 00.56 00.67 00.65 00.63 00.40 00.36 00.41 00.48 00.50 00.78 00.54 00.54 00.89 00.28 01.22 00.24 00.61 00.79 00.56 00.56 00.51 00.77 01.08 00.81 00.76 00.86 00.36 00.13 -9999.0 00.91 00.82 00.66 00.74 00.93 00.70 00.48 00.52 00.53 00.52 00.74 00.59 00.56 00.36 00.46 00.41 00.43 00.38 00.43 00.46 00.50
00.84 00.76 00.81 00.78 00.69 00.64 00.66 00.62 00.66 00.65 00.40 00.41 00.43 00.49 00.54 00.50 00.63 00.68 00.69 00.68 00.60 00.60 00.56 00.62 00.64 00.66 00.48 00.36 00.41 00.44 00.47 00.76 01.03 00.87 00.17 00.95 00.78 00.76 00.80 00.75 00.47 00.36 00.62 00.72 01.00 00.42 00.56 01.13 01.34 00.36 -9999.0 00.79 00.83 00.77 00.75 00.83 00.58 00.51 00.52 00.51 00.56 00.60 00.56 00.52 00.33 00.50 00.40 00.24 00.33 00.41 00.59 00.54
00.90 00.93 00.88 00.82 00.77 00.67 00.67 00.59 00.58 00.57 00.38 00.46 00.53 00.49 00.56 00.55 00.60 00.67 00.70 00.69 00.64 00.57 00.60 00.65 00.61 00.58 00.50 00.36 00.34 00.40 00.47 00.73 00.91 00.46 00.52 01.04 00.32 00.97 01.14 00.65 00.80 00.43 00.49 00.64 01.00 00.94 00.91 01.20 01.23 00.39 00.35 01.15 00.76 00.86 00.75 00.58 00.60 00.42 00.48 00.49 00.49 00.65 00.65 00.71 00.69 00.27 00.15 00.27 00.60 00.69 00.59 00.51
00.96 00.96 00.91 00.84 00.78 00.70 00.65 00.58 00.52 00.40 00.51 00.47 00.51 00.48 00.52 00.53 00.59 00.70 00.69 00.68 00.66 00.60 00.58 00.60 00.60 00.54 00.44 00.44 00.45 00.34 00.26 00.67 00.73 00.66 00.64 00.94 00.21 01.00 01.16 00.59 00.67 00.88 00.42 00.32 00.87 00.47 00.99 01.30 01.06 00.75 00.72 01.02 01.04 00.66 00.56 00.55 00.15 00.32 00.41 00.79 00.75 00.71 00.67 00.87 01.03 00.17 00.32 00.31 00.47 00.59 00.51 00.44
00.93 01.01 00.95 00.85 00.79 00.65 00.60 00.54 00.49 00.63 00.69 00.49 00.44 00.46 00.46 00.52 00.59 00.61 00.59 00.61 00.61 00.57 00.56 00.57 00.56 00.50 00.49 00.48 00.48 00.38 00.24 00.62 00.77 01.14 01.05 00.28 00.25 01.06 01.16 00.54 00.61 00.75 00.92 00.93 01.01 00.84 01.17 01.11 00.89 00.68 01.25 00.29 00.98 00.37 00.45 00.18 00.41 00.80 00.73 00.69 00.72 00.68 00.67 00.71 00.79 00.17 00.30 00.49 00.64 00.39 00.39 00.55
00.76 01.02 00.99 00.87 00.75 00.65 00.52 00.50 00.60 00.68 00.68 00.63 00.40 00.42 00.42 00.48 00.55 00.55 00.59 00.61 00.60 00.56 00.52 00.53 00.51 00.47 00.50 00.47 00.67 00.30 00.20 00.64 00.76 00.94 00.75 00.25 00.71 01.02 01.14 00.49 00.53 00.66 00.85 00.93 01.21 00.91 01.17 00.81 00.63 01.24 01.25 00.93 00.83 00.16 00.30 00.19 00.58 00.71 00.57 00.62 00.65 00.63 00.65 00.88 00.79 00.19 00.33 00.24 00.43 00.27 00.53 00.77
00.22 00.85 00.89 00.85 00.75 00.60 00.28 00.50 00.74 00.70 00.64 00.57 00.39 00.37 00.40 00.42 00.49 00.53 00.66 00.71 00.58 00.56 00.48 00.51 00.52 00.48 00.57 00.65 00.55 00.17 00.53 00.61 00.72 00.78 00.37 00.48 00.65 00.98 01.10 00.79 00.37 00.41 00.79 00.97 00.93 01.05 00.59 00.54 01.14 01.29 00.99 00.86 00.79 00.75 00.17 00.17 00.68 00.51 00.60 00.64 00.63 00.67 00.63 00.76 00.28 00.54 00.55 00.32 00.21 00.34 00.34 00.36
