Supplementary_Data/FB_x64/TestFarsite/SampleData/Outputs/test_SpreadRate.asc
NCOLS 401
NROWS 476
XLLCORNER -5994.000000
YLLCORNER -7142.000000
CELLSIZE 30.000000
NODATA_VALUE -9999.0
[rows 160 to 191 of 476, columns 144 to 215 of 401]
00.53 00.90 01.79 02.19 02.37 02.85 03.56 02.87 00.58 03.12 03.17 03.21 01.36 01.55 01.28 00.89 01.26 01.21 -9999.0 00.38 00.09 -9999.0 -9999.0 00.34 00.31 00.35 00.45 00.17 00.09 00.91 00.44 01.20 01.31 01.94 02.29 01.86 01.55 01.56 01.74 01.01 00.96 00.73 00.75 01.00 01.15 01.21 01.47 01.75 02.00 01.16 00.20 02.99 02.02 02.90 02.41 03.31 06.09 07.16 09.47 01.01 01.43 00.84 00.29 00.24 01.24 01.12 00.82 00.69 00.57 01.10 01.44 01.35
00.50 00.38 01.72 02.07 02.77 03.24 03.46 03.61 00.58 01.42 02.66 02.05 00.41 00.35 00.94 01.07 01.02 00.31 00.34 01.48 00.46 00.29 00.29 00.51 00.48 00.29 00.39 00.41 -9999.0 00.68 00.11 01.09 01.34 01.56 01.68 01.54 01.50 01.09 00.80 00.42 00.84 00.69 00.35 01.13 01.30 01.68 02.41 01.82 01.83 01.18 01.25 03.52 02.14 02.16 01.55 03.00 04.74 05.35 05.92 05.56 01.55 01.47 00.41 00.19 03.10 00.82 00.72 00.56 00.51 01.16 01.40 01.64
01.19 00.59 01.45 01.71 02.31 02.49 02.53 03.16 01.07 01.80 02.31 01.18 00.42 01.42 01.83 01.08 00.84 00.60 00.45 00.91 00.84 00.20 00.16 00.49 00.60 00.48 00.33 00.87 01.64 -9999.0 00.16 00.92 00.58 01.33 01.27 01.54 01.32 01.05 00.94 01.02 00.95 00.96 00.96 01.18 01.43 01.55 02.25 01.73 01.44 01.04 01.25 02.02 01.76 01.50 01.32 02.43 02.30 03.04 03.26 00.27 01.11 01.50 00.41 00.15 01.20 00.69 00.62 00.64 00.75 01.22 01.36 01.55
02.09 00.55 01.11 01.57 02.26 02.55 01.77 02.18 00.44 01.02 01.45 00.95 01.06 01.08 00.96 00.40 00.94 02.02 00.61 00.76 00.97 01.79 00.18 01.53 00.71 00.66 00.41 00.51 00.58 00.13 -9999.0 -9999.0 00.13 00.52 01.39 01.31 00.93 00.98 00.89 01.04 00.88 00.55 01.10 01.47 01.58 01.49 01.46 01.28 01.05 00.84 01.23 01.67 01.35 01.19 01.36 01.53 01.73 02.08 02.40 02.54 00.85 00.59 01.14 00.46 00.65 01.09 01.09 00.73 00.61 01.72 01.48 01.56
01.68 00.33 00.47 01.55 02.48 02.12 01.24 00.83 00.30 00.27 00.58 00.35 00.82 00.91 01.39 01.82 00.95 00.85 01.60 00.60 00.44 01.21 00.17 00.20 00.23 00.28 00.51 00.59 00.46 02.10 00.40 -9999.0 00.18 00.44 01.37 01.03 00.85 01.02 00.85 00.51 00.44 01.35 01.13 01.58 01.60 01.29 01.00 01.03 00.92 00.73 01.26 01.11 00.91 01.03 01.24 01.46 01.70 02.08 02.27 02.62 00.93 00.42 00.47 00.44 00.89 01.20 01.18 00.87 00.62 01.76 00.89 01.01
01.25 00.35 00.60 01.57 01.63 01.94 00.31 00.42 00.68 01.86 00.62 01.08 01.81 01.40 01.15 00.55 01.42 00.96 00.26 00.18 00.19 00.17 00.57 00.46 01.04 00.30 00.21 01.72 01.11 00.84 01.73 -9999.0 00.30 01.55 00.83 00.47 00.90 00.91 00.89 00.99 00.97 03.11 01.89 01.09 03.03 01.27 00.87 00.83 00.44 00.66 00.78 00.88 02.18 01.47 01.08 01.45 01.26 01.40 01.42 02.01 00.57 00.28 00.19 00.96 01.12 01.09 01.10 00.91 00.67 01.44 00.88 01.68
00.81 00.56 00.60 01.11 01.76 01.50 00.19 00.20 01.50 01.09 00.65 00.55 00.63 00.52 00.21 00.20 00.22 00.55 01.58 01.35 00.45 01.00 01.50 00.66 00.38 00.26 00.24 00.83 03.21 00.27 01.20 00.08 00.86 01.04 00.54 00.32 00.76 01.11 01.30 01.77 01.51 02.71 01.00 01.49 03.08 01.20 00.87 00.63 00.27 00.50 00.54 01.24 02.05 01.77 00.49 00.59 01.04 00.76 00.81 01.03 00.19 00.73 00.91 01.15 01.44 01.17 00.89 00.71 00.73 01.65 01.97 02.18
01.06 00.57 00.17 00.82 01.11 01.01 00.61 00.21 00.27 00.13 00.60 00.20 00.19 00.18 00.79 01.63 01.44 00.99 00.65 00.50 00.80 01.29 01.46 00.81 00.43 01.36 02.32 00.64 00.27 00.29 00.23 00.61 00.86 00.81 00.28 01.68 00.55 00.55 00.74 03.14 01.26 03.34 04.33 02.40 02.77 00.83 00.79 00.74 00.36 00.43 00.51 01.14 01.70 01.69 01.44 00.31 00.33 00.37 00.31 00.25 00.68 01.08 08.27 02.02 00.90 00.45 00.53 00.68 01.70 02.40 02.56 02.14
00.35 00.23 00.23 00.16 00.09 01.17 00.59 00.28 00.23 00.18 00.16 00.91 01.43 00.35 02.35 00.94 00.52 00.80 00.48 00.50 00.76 01.45 00.54 00.53 00.51 01.28 01.63 02.22 01.65 00.25 01.54 00.19 00.33 00.34 00.89 00.95 01.04 00.62 00.29 03.65 02.06 02.93 02.79 02.56 02.23 00.77 00.85 00.60 00.97 00.36 00.35 00.32 01.32 01.34 01.36 00.25 00.57 00.65 00.99 00.79 01.92 03.91 06.35 00.34 00.24 01.64 01.74 01.29 01.40 02.93 02.70 02.11
00.25 00.54 00.59 00.44 01.77 01.12 01.77 00.25 00.19 00.28 00.58 00.40 01.23 02.18 02.22 01.67 00.43 00.48 00.51 00.50 00.47 00.48 00.53 00.56 00.59 00.54 00.91 01.83 01.23 02.16 01.24 00.61 00.31 00.29 00.13 00.24 00.09 01.18 01.99 03.93 04.95 05.35 05.53 02.32 01.86 00.73 00.75 01.22 01.61 00.42 00.39 00.34 00.50 00.41 00.26 00.24 00.61 01.36 02.50 02.57 03.40 03.26 01.81 00.37 00.48 01.63 00.65 01.38 01.45 04.24 04.53 08.42
01.60 00.56 00.60 00.60 02.20 00.51 01.73 01.57 00.44 00.44 00.53 00.48 01.34 01.29 00.89 00.90 00.43 00.46 00.49 00.48 00.52 00.57 00.50 01.60 01.82 01.56 01.73 01.48 01.34 01.57 01.29 02.36 00.45 01.38 00.15 00.21 00.14 01.94 02.29 04.95 03.06 09.00 04.93 01.80 01.48 00.79 00.53 01.70 02.25 01.75 01.38 00.35 00.43 00.53 00.26 01.06 01.10 02.11 03.45 04.69 05.43 02.33 00.28 00.62 01.07 00.72 01.99 00.60 01.82 04.29 10.63 12.94
01.01 01.24 00.81 01.47 00.59 02.17 01.73 01.76 00.44 00.46 00.49 00.57 00.55 00.83 00.53 00.55 00.45 00.44 00.46 00.97 01.41 01.52 01.00 02.04 01.85 01.73 01.21 00.67 01.60 00.98 01.16 01.00 00.46 01.76 00.17 00.17 01.58 01.82 02.00 03.39 00.03 06.17 02.90 01.04 04.03 02.12 01.90 01.65 02.49 01.43 00.69 00.36 00.34 00.30 00.58 00.71 00.89 02.87 03.96 04.68 03.92 01.51 00.93 01.02 01.84 00.76 01.78 00.29 02.28 12.25 12.60 09.83
00.52 00.90 02.06 01.99 02.07 01.88 01.99 01.67 00.52 00.57 00.48 00.58 01.24 00.45 00.58 00.56 00.55 00.47 00.48 00.54 00.60 00.61 01.19 02.01 01.72 01.49 01.14 00.56 00.63 00.57 00.56 00.37 00.33 00.70 00.16 00.15 01.03 02.07 01.63 02.68 05.53 01.52 00.28 05.78 00.85 01.92 01.72 02.51 02.58 02.71 01.06 00.57 00.25 00.75 02.07 01.71 01.04 02.41 03.12 03.64 02.66 01.17 02.40 00.81 01.02 01.64 01.88 00.25 08.58 12.10 11.90 13.86
01.41 01.33 01.91 02.35 02.54 01.81 02.34 02.22 01.71 00.55 00.58 00.90 01.20 00.80 01.59 01.35 00.52 00.46 00.49 01.29 01.07 00.62 00.44 00.93 01.36 01.20 01.42 00.76 00.66 01.07 00.42 00.89 00.36 00.37 00.34 00.15 00.82 01.90 03.08 01.68 04.37 09.45 02.87 00.60 01.02 03.58 01.72 01.88 02.21 03.04 02.11 00.63 00.53 01.97 02.40 02.71 02.91 03.06 03.08 02.79 02.09 01.77 02.38 01.94 01.11 01.64 01.88 00.24 09.04 10.92 13.11 13.48
00.56 00.87 02.25 02.36 02.97 01.49 01.95 01.75 01.11 01.99 00.57 01.31 00.57 00.70 00.60 01.47 00.48 00.49 01.41 01.14 01.70 01.65 01.45 01.20 00.37 00.80 01.16 01.40 00.81 00.39 00.37 01.00 00.67 00.75 00.69 00.21 00.88 01.26 03.94 00.36 05.01 08.04 05.04 03.06 02.39 02.79 01.45 01.45 01.97 01.99 01.40 02.23 00.60 03.24 03.41 03.11 02.91 02.68 02.31 02.19 01.95 03.67 02.97 01.66 01.34 01.41 01.52 00.52 03.26 08.61 12.24 12.99
00.96 00.96 02.49 02.21 01.52 01.49 01.76 01.97 01.38 01.08 01.48 01.33 00.38 00.82 01.25 00.52 00.47 01.44 00.97 00.33 01.28 01.62 01.35 01.42 00.84 00.38 00.95 01.08 00.81 00.89 00.89 00.97 00.68 00.38 00.35 00.31 01.20 01.86 02.52 02.03 06.22 06.38 06.74 02.94 01.84 02.10 01.55 01.57 01.96 02.09 00.70 02.13 00.77 03.01 03.37 02.90 03.03 02.26 01.85 01.84 02.77 03.02 02.79 02.00 01.05 01.30 00.62 01.28 01.81 09.59 11.05 07.19
01.17 00.95 01.79 01.47 01.18 01.61 01.51 01.40 01.35 01.08 00.85 00.54 00.58 00.54 00.57 00.54 00.46 00.96 00.43 00.87 00.53 00.38 00.91 01.42 00.79 00.65 00.62 00.96 00.51 00.88 00.88 01.97 03.14 02.60 00.33 00.29 00.79 01.41 01.86 01.84 06.54 03.09 06.45 00.45 -9999.0 01.39 01.42 01.51 02.33 01.16 02.92 02.65 03.21 02.65 02.92 02.82 02.73 01.76 01.62 01.39 03.09 03.48 02.78 02.17 00.83 00.92 00.80 01.11 01.44 06.35 07.92 03.70
01.24 00.82 00.59 01.67 01.74 01.70 01.24 01.01 01.20 01.09 00.74 00.43 00.90 01.35 00.84 00.56 00.46 00.42 00.32 01.51 01.33 01.35 01.29 01.15 00.85 00.77 00.57 00.84 00.35 00.98 01.62 02.07 05.27 03.92 00.98 00.35 00.79 01.08 01.34 01.44 02.44 00.65 03.16 01.22 00.46 00.08 00.26 01.06 01.97 00.76 01.37 02.96 01.88 02.80 02.62 02.52 02.23 00.65 01.39 01.90 02.97 02.92 01.96 01.55 00.67 00.66 01.31 01.77 00.67 03.28 01.91 01.44
01.47 01.07 00.25 00.49 00.46 01.43 01.24 01.56 01.37 01.29 00.84 00.38 00.56 00.44 00.39 00.42 00.33 00.31 01.07 01.34 01.34 01.22 01.30 01.23 00.93 00.80 00.92 01.03 00.62 00.98 02.11 02.48 04.46 04.27 01.73 01.57 00.29 00.87 00.66 00.35 02.04 00.40 00.57 00.65 00.45 05.94 09.76 00.08 00.96 01.13 02.33 02.24 00.90 04.15 02.64 03.56 01.62 00.70 00.71 01.71 02.16 02.22 02.24 00.76 00.35 01.15 01.49 01.18 01.29 00.73 00.98 08.52
02.01 01.37 00.54 00.31 00.99 00.96 01.25 01.72 01.52 01.42 01.16 00.24 00.45 00.87 01.04 00.90 00.43 01.45 02.12 02.18 01.99 01.42 01.08 01.15 00.56 00.45 00.96 01.07 01.16 00.92 01.66 03.66 04.19 03.32 02.03 01.66 00.52 00.26 00.82 00.30 01.26 01.47 01.57 03.02 05.04 06.93 10.05 05.64 02.83 01.40 02.31 01.25 01.10 04.18 03.52 01.97 01.78 01.46 00.70 02.14 02.44 02.21 01.35 00.95 00.49 00.82 01.10 00.43 00.81 01.14 02.29 04.36
01.88 01.72 01.39 01.31 01.38 01.01 01.02 01.16 01.27 01.69 01.26 00.23 00.44 01.08 01.18 01.02 00.93 01.94 02.88 02.92 02.94 02.93 02.20 01.13 01.15 00.30 00.97 00.99 01.07 01.93 01.46 03.89 02.91 02.33 05.17 05.58 00.55 00.58 00.30 01.40 00.22 01.83 02.72 03.35 04.87 07.51 10.08 03.09 00.10 00.30 02.26 02.52 01.68 01.60 03.34 04.62 05.37 04.39 03.85 00.59 01.24 02.15 00.45 00.73 01.07 00.98 00.80 00.53 00.94 01.70 02.41 00.23
01.71 01.48 01.30 01.12 01.42 01.04 00.40 01.26 01.94 01.79 01.26 00.25 00.47 00.85 01.15 01.24 01.46 02.58 03.13 03.03 02.84 02.78 02.94 02.48 01.44 00.75 01.01 00.88 01.05 02.32 00.92 02.95 00.35 02.11 05.70 06.52 03.69 00.55 02.62 04.00 00.15 00.98 02.29 03.11 05.10 08.23 05.26 -9999.0 06.19 00.20 01.66 02.95 04.65 07.42 05.61 00.40 04.92 04.74 05.12 03.62 02.15 02.20 00.53 01.08 01.93 00.75 00.69 00.59 01.08 00.94 00.86 02.59
00.64 00.78 01.54 00.93 01.29 00.86 00.32 01.22 01.92 01.62 01.33 00.26 00.80 00.93 01.00 01.58 01.94 02.39 03.09 02.94 02.74 02.55 02.84 02.81 01.80 01.22 00.98 00.83 01.35 01.70 00.38 04.29 00.46 00.91 06.19 08.38 04.72 05.55 05.34 01.08 00.35 01.23 01.90 03.00 05.63 09.67 08.08 00.49 04.28 01.65 01.58 03.63 03.55 04.01 04.20 00.74 02.35 05.46 04.91 02.66 01.99 02.09 00.91 01.42 00.76 00.70 00.66 00.52 00.71 00.52 01.09 02.45
01.11 00.63 01.24 01.36 00.74 03.63 03.53 04.12 04.11 01.66 01.02 00.91 00.88 00.88 01.05 01.69 01.29 02.21 02.82 02.92 03.04 02.44 02.59 02.82 01.35 01.16 00.94 00.78 01.11 01.51 01.94 02.68 00.54 00.58 06.34 06.63 04.28 06.35 00.59 00.42 00.46 06.89 00.65 02.32 05.89 08.95 08.10 00.38 -9999.0 00.21 01.54 05.32 03.58 02.13 00.85 02.51 04.13 03.92 02.55 02.02 01.49 01.40 01.35 01.36 00.88 00.67 00.87 00.59 00.79 00.89 00.67 01.53
02.14 02.57 02.52 01.82 00.74 01.65 02.73 03.24 04.22 03.80 00.99 00.75 01.16 00.85 01.12 01.27 02.60 03.13 03.73 04.26 03.43 02.46 02.10 02.22 02.46 01.40 00.83 00.72 00.98 01.35 01.74 04.64 03.47 01.27 04.96 03.51 05.26 02.11 00.46 01.50 06.41 06.68 00.96 01.08 06.17 07.35 06.46 03.41 06.38 00.22 -9999.0 04.31 04.28 02.13 00.44 07.92 02.98 01.98 01.69 01.35 01.51 01.91 02.07 02.73 00.78 00.78 00.97 01.25 00.75 01.15 01.03 01.40
03.01 03.04 03.18 02.96 02.14 02.09 02.29 02.49 02.92 03.13 01.11 00.78 00.99 01.13 01.19 01.47 02.53 03.24 03.31 03.20 03.03 02.29 01.81 02.64 02.48 02.28 00.86 00.70 00.91 01.25 01.37 03.64 01.65 01.64 04.75 00.40 09.48 00.29 02.02 03.60 01.72 01.71 01.36 03.28 06.71 03.64 03.12 04.07 00.66 00.08 -9999.0 04.72 03.78 02.44 03.12 05.09 02.78 01.28 01.50 01.58 01.49 03.20 01.96 01.76 00.69 01.18 00.92 01.00 00.68 00.95 01.09 01.34
04.38 03.54 03.97 03.65 02.85 02.37 02.57 02.20 02.53 02.48 00.86 00.94 01.01 01.38 01.67 01.40 02.34 02.69 02.78 02.68 02.10 02.04 01.81 02.20 02.38 02.56 01.29 00.71 00.89 01.04 01.20 03.39 06.49 04.54 00.14 05.42 03.58 03.36 03.65 03.22 01.16 00.67 02.06 02.85 05.73 00.90 01.64 07.26 10.51 00.65 -9999.0 03.43 03.82 03.37 03.12 03.96 01.84 01.43 01.50 01.45 01.79 02.08 01.78 01.53 00.58 01.43 00.88 00.26 00.55 00.85 01.83 01.51
05.09 05.39 04.76 04.16 03.57 02.68 02.64 02.00 01.95 01.89 00.77 01.18 01.59 01.32 01.79 01.74 01.86 02.58 02.88 02.82 02.37 01.09 02.07 02.49 02.11 01.90 01.37 00.67 00.57 00.86 01.23 03.07 04.99 01.16 01.51 06.57 00.55 05.64 07.98 02.29 03.57 00.94 01.27 02.19 05.66 04.91 04.61 08.39 08.74 00.75 00.59 07.69 03.20 04.11 03.13 01.86 02.02 00.95 01.23 01.30 01.34 02.48 02.47 02.95 02.83 00.39 00.10 00.33 01.86 02.48 01.80 01.31
05.84 05.85 05.12 04.34 03.69 02.90 02.47 01.95 01.56 00.86 01.49 01.23 01.50 01.27 01.49 01.26 02.00 02.83 02.75 02.67 02.54 02.03 01.39 02.06 02.05 01.68 01.06 00.96 00.37 00.59 00.34 02.59 03.11 02.50 02.35 05.25 00.23 05.94 08.23 01.90 02.42 04.32 00.89 00.51 04.13 01.10 05.53 09.85 06.40 03.06 02.71 05.87 06.25 02.40 01.70 01.63 00.10 00.53 00.91 03.73 03.38 02.93 02.67 04.59 06.63 00.14 00.49 00.47 01.08 01.84 01.33 01.00
05.34 06.41 05.67 04.45 03.80 02.49 02.10 01.64 01.34 02.36 02.80 01.32 01.05 01.15 01.16 01.37 01.99 02.09 01.98 02.09 02.12 01.84 01.76 01.85 01.77 01.37 01.36 01.26 01.30 00.78 00.30 02.20 03.49 07.99 06.73 00.40 00.30 06.78 08.13 01.54 01.98 03.05 04.29 04.69 05.73 03.85 07.92 07.09 04.35 02.43 09.22 00.39 05.38 00.67 01.08 00.16 00.92 03.88 03.18 02.78 03.06 02.69 02.66 02.94 03.75 00.14 00.43 01.21 02.06 00.71 00.75 01.59
03.46 06.60 06.18 04.73 03.41 02.45 01.55 01.39 02.05 02.77 02.73 02.34 00.86 00.98 00.96 01.27 01.71 01.71 01.97 02.12 02.02 01.79 01.49 01.59 01.44 01.22 01.39 01.25 02.60 00.46 00.21 02.33 03.31 05.32 03.22 00.33 02.78 06.19 07.93 01.24 01.48 02.32 03.19 04.85 08.56 04.51 07.86 03.59 02.07 09.01 09.17 04.88 03.80 00.12 00.47 00.18 01.92 02.93 01.84 02.17 02.40 02.29 02.43 04.71 03.77 00.19 00.61 00.27 00.91 00.34 01.39 03.11
00.23 04.45 04.93 04.47 03.34 02.08 00.41 01.42 03.28 02.92 02.36 01.87 00.84 00.35 00.86 00.94 01.32 01.55 02.51 02.91 01.89 01.74 01.27 01.45 01.49 01.27 01.88 02.44 01.77 00.15 01.57 02.06 02.94 03.55 00.72 01.21 02.32 05.67 07.31 03.57 00.70 00.81 03.33 05.24 04.80 06.23 01.80 01.50 07.53 09.76 05.60 04.09 03.46 03.06 00.14 00.16 02.71 01.47 02.06 02.30 02.27 02.58 02.26 03.41 00.42 01.68 01.75 00.54 00.23 00.57 00.58 00.65
