Supplementary_Data/FB_x64/TestFarsite/SampleData/Outputs/test_FlameLength.asc
NCOLS 401
NROWS 476
XLLCORNER -5994.000000
YLLCORNER -7142.000000
CELLSIZE 30.000000
NODATA_VALUE -9999.0
[rows 288 to 319 of 476, columns 144 to 215 of 401]
00.59 00.66 00.50 00.44 00.37 00.44 00.54 00.54 00.63 00.62 00.60 00.63 00.62 00.57 00.55 00.46 00.35 00.32 00.31 00.37 00.41 00.38 00.42 00.39 00.27 00.46 00.49 00.49 00.50 00.53 00.51 00.20 00.14 00.15 00.40 00.46 00.45 00.47 00.52 00.50 00.44 00.44 00.54 00.39 00.48 00.23 00.26 00.90 00.16 -9999.0 -9999.0 -9999.0 -9999.0 -9999.0 -9999.0 -9999.0 -9999.0 -9999.0 -9999.0 -9999.0 -9999.0 -9999.0 -9999.0 -9999.0 -9999.0 -9999.0 -9999.0 -9999.0 -9999.0 -9999.0 -9999.0 -9999.0
00.48 00.45 00.42 00.38 00.44 00.48 00.52 00.54 00.59 00.62 00.59 00.55 00.57 00.53 00.52 00.45 00.36 00.35 00.40 00.41 00.41 00.44 00.47 00.42 00.42 00.45 00.47 00.27 00.42 00.54 00.18 00.34 00.34 00.43 00.15 00.37 00.48 00.45 00.47 00.47 00.45 00.41 00.41 00.44 00.48 00.30 00.60 00.47 00.35 00.42 -9999.0 -9999.0 -9999.0 -9999.0 -9999.0 -9999.0 -9999.0 -9999.0 -9999.0 -9999.0 -9999.0 -9999.0 -9999.0 -9999.0 -9999.0 -9999.0 -9999.0 -9999.0 -9999.0 -9999.0 -9999.0 -9999.0
00.40 00.35 00.34 00.35 00.45 00.56 00.45 00.50 00.49 00.54 00.57 00.50 00.53 00.44 00.43 00.41 00.33 00.43 00.42 00.46 00.44 00.41 00.41 00.37 00.40 00.41 00.40 00.47 00.59 00.57 00.43 00.65 00.55 00.51 00.53 00.36 00.37 00.43 00.42 00.41 00.43 00.41 00.41 00.41 00.42 00.51 00.54 00.15 00.39 -9999.0 -9999.0 -9999.0 -9999.0 -9999.0 -9999.0 -9999.0 -9999.0 -9999.0 -9999.0 -9999.0 -9999.0 -9999.0 -9999.0 -9999.0 -9999.0 -9999.0 -9999.0 -9999.0 -9999.0 -9999.0 -9999.0 -9999.0
00.33 00.36 00.35 00.38 00.48 00.44 00.47 00.48 00.45 00.55 00.56 00.50 00.45 00.42 00.41 00.33 00.40 00.42 00.47 00.47 00.44 00.60 00.50 00.36 00.38 00.39 00.39 00.42 00.46 00.50 00.63 00.51 00.50 00.51 00.50 00.41 00.40 00.40 00.41 00.40 00.39 00.39 00.38 00.37 00.38 00.47 -9999.0 -9999.0 -9999.0 -9999.0 -9999.0 -9999.0 -9999.0 -9999.0 -9999.0 -9999.0 -9999.0 -9999.0 -9999.0 -9999.0 -9999.0 -9999.0 -9999.0 -9999.0 -9999.0 -9999.0 -9999.0 -9999.0 -9999.0 -9999.0 -9999.0 -9999.0
00.31 00.49 00.39 00.40 00.40 00.41 00.42 00.42 00.42 00.50 00.50 00.47 00.44 00.43 00.33 00.39 00.41 00.46 00.55 00.58 00.60 00.62 00.55 00.53 00.39 00.36 00.35 00.38 00.39 00.40 00.45 00.19 00.26 00.40 00.39 00.39 00.36 00.36 00.40 00.40 00.35 00.34 00.35 00.33 00.28 00.34 00.25 -9999.0 -9999.0 -9999.0 -9999.0 -9999.0 -9999.0 -9999.0 -9999.0 -9999.0 -9999.0 -9999.0 -9999.0 -9999.0 -9999.0 -9999.0 -9999.0 -9999.0 -9999.0 -9999.0 -9999.0 -9999.0 -9999.0 -9999.0 -9999.0 -9999.0
00.41 00.38 00.56 00.23 00.62 00.38 00.41 00.43 00.43 00.46 00.46 00.43 00.43 00.34 00.38 00.53 00.52 00.52 00.62 00.65 00.60 00.62 00.57 00.54 00.51 00.48 00.35 00.36 00.36 00.36 00.41 00.37 00.43 00.40 00.36 00.34 00.35 00.35 00.37 00.37 00.33 -9999.0 -9999.0 -9999.0 -9999.0 -9999.0 -9999.0 -9999.0 -9999.0 -9999.0 -9999.0 -9999.0 -9999.0 -9999.0 -9999.0 -9999.0 -9999.0 -9999.0 -9999.0 -9999.0 -9999.0 -9999.0 -9999.0 -9999.0 -9999.0 -9999.0 -9999.0 -9999.0 -9999.0 -9999.0 -9999.0 -9999.0
00.40 00.19 00.31 00.56 00.22 00.21 00.63 00.64 00.64 00.49 00.49 00.52 00.55 00.41 00.41 00.49 00.50 00.49 00.61 00.61 00.61 00.59 00.56 00.53 00.49 00.41 00.32 00.32 00.30 00.35 00.35 00.35 00.35 00.35 00.30 -9999.0 00.32 00.31 00.31 00.30 -9999.0 -9999.0 -9999.0 -9999.0 -9999.0 -9999.0 -9999.0 -9999.0 -9999.0 -9999.0 -9999.0 -9999.0 -9999.0 -9999.0 -9999.0 -9999.0 -9999.0 -9999.0 -9999.0 -9999.0 -9999.0 -9999.0 -9999.0 -9999.0 -9999.0 -9999.0 -9999.0 -9999.0 -9999.0 -9999.0 -9999.0 -9999.0
00.37 00.56 00.55 00.56 00.55 00.38 00.20 00.62 00.53 00.47 00.50 00.58 00.51 00.43 00.43 00.38 00.47 00.61 00.57 00.60 00.59 00.57 00.54 00.50 00.46 00.35 -9999.0 -9999.0 -9999.0 -9999.0 -9999.0 -9999.0 -9999.0 -9999.0 -9999.0 -9999.0 -9999.0 -9999.0 -9999.0 -9999.0 -9999.0 -9999.0 -9999.0 -9999.0 -9999.0 -9999.0 -9999.0 -9999.0 -9999.0 -9999.0 -9999.0 -9999.0 -9999.0 -9999.0 -9999.0 -9999.0 -9999.0 -9999.0 -9999.0 -9999.0 -9999.0 -9999.0 -9999.0 -9999.0 -9999.0 -9999.0 -9999.0 -9999.0 -9999.0 -9999.0 -9999.0 -9999.0
00.48 00.47 00.48 00.58 00.57 00.51 00.49 00.58 00.63 00.23 00.44 00.50 00.58 00.59 00.51 00.24 00.55 00.58 00.56 00.52 00.56 00.54 00.51 00.38 00.54 00.45 00.36 -9999.0 -9999.0 -9999.0 -9999.0 -9999.0 -9999.0 -9999.0 -9999.0 -9999.0 -9999.0 -9999.0 -9999.0 -9999.0 -9999.0 -9999.0 -9999.0 -9999.0 -9999.0 -9999.0 -9999.0 -9999.0 -9999.0 -9999.0 -9999.0 -9999.0 -9999.0 -9999.0 -9999.0 -9999.0 -9999.0 -9999.0 -9999.0 -9999.0 -9999.0 -9999.0 -9999.0 -9999.0 -9999.0 -9999.0 -9999.0 -9999.0 -9999.0 -9999.0 -9999.0 -9999.0
00.48 00.49 00.47 00.44 00.54 00.53 00.52 00.56 00.21 00.62 00.62 00.33 00.36 00.53 00.46 00.17 00.39 00.58 00.36 00.32 00.36 00.46 00.14 00.39 00.53 00.49 00.37 -9999.0 -9999.0 -9999.0 -9999.0 -9999.0 -9999.0 -9999.0 -9999.0 -9999.0 -9999.0 -9999.0 -9999.0 -9999.0 -9999.0 -9999.0 -9999.0 -9999.0 -9999.0 -9999.0 -9999.0 -9999.0 -9999.0 -9999.0 -9999.0 -9999.0 -9999.0 -9999.0 -9999.0 -9999.0 -9999.0 -9999.0 -9999.0 -9999.0 -9999.0 -9999.0 -9999.0 -9999.0 -9999.0 -9999.0 -9999.0 -9999.0 -9999.0 -9999.0 -9999.0 -9999.0
00.57 00.58 00.48 00.46 00.42 00.52 00.54 00.55 00.58 00.52 00.60 00.58 00.55 00.55 00.12 00.24 00.37 00.51 00.15 00.22 00.17 00.18 00.20 00.21 00.33 00.46 00.37 -9999.0 -9999.0 -9999.0 -9999.0 -9999.0 -9999.0 -9999.0 -9999.0 -9999.0 -9999.0 -9999.0 -9999.0 -9999.0 -9999.0 -9999.0 -9999.0 -9999.0 -9999.0 -9999.0 -9999.0 -9999.0 -9999.0 -9999.0 -9999.0 -9999.0 -9999.0 -9999.0 -9999.0 -9999.0 -9999.0 -9999.0 -9999.0 -9999.0 -9999.0 -9999.0 -9999.0 -9999.0 -9999.0 -9999.0 -9999.0 -9999.0 -9999.0 -9999.0 -9999.0 -9999.0
00.60 00.62 00.59 00.47 00.45 00.51 00.54 00.53 00.53 00.60 00.59 00.57 00.57 00.54 00.56 00.41 00.43 00.39 00.48 00.19 00.29 00.52 00.64 00.61 00.21 00.21 00.19 00.14 -9999.0 00.27 00.39 -9999.0 -9999.0 -9999.0 -9999.0 -9999.0 -9999.0 -9999.0 -9999.0 -9999.0 -9999.0 -9999.0 -9999.0 -9999.0 -9999.0 -9999.0 -9999.0 -9999.0 -9999.0 -9999.0 -9999.0 -9999.0 -9999.0 -9999.0 -9999.0 -9999.0 -9999.0 -9999.0 -9999.0 -9999.0 -9999.0 -9999.0 -9999.0 -9999.0 -9999.0 -9999.0 -9999.0 -9999.0 -9999.0 -9999.0 -9999.0 -9999.0
00.66 00.64 00.62 00.57 00.46 00.46 00.52 00.53 00.54 00.52 00.57 00.57 00.61 00.56 00.55 00.52 00.40 00.37 00.49 00.50 00.35 00.61 00.62 00.62 00.37 00.57 00.51 00.37 00.27 00.45 00.32 -9999.0 -9999.0 -9999.0 -9999.0 -9999.0 -9999.0 -9999.0 -9999.0 -9999.0 -9999.0 -9999.0 -9999.0 -9999.0 -9999.0 -9999.0 -9999.0 -9999.0 -9999.0 -9999.0 -9999.0 -9999.0 -9999.0 -9999.0 -9999.0 -9999.0 -9999.0 -9999.0 -9999.0 -9999.0 -9999.0 -9999.0 -9999.0 -9999.0 -9999.0 -9999.0 -9999.0 -9999.0 -9999.0 -9999.0 -9999.0 -9999.0
00.66 00.63 00.60 00.60 00.48 00.47 00.42 00.51 00.52 00.50 00.56 00.61 00.60 00.59 00.53 00.51 00.48 00.36 00.51 00.53 00.56 00.59 00.59 00.60 00.60 00.54 00.48 00.51 00.56 00.56 00.48 -9999.0 -9999.0 -9999.0 -9999.0 -9999.0 -9999.0 -9999.0 -9999.0 -9999.0 -9999.0 -9999.0 -9999.0 -9999.0 -9999.0 -9999.0 -9999.0 -9999.0 -9999.0 -9999.0 -9999.0 -9999.0 -9999.0 -9999.0 -9999.0 -9999.0 -9999.0 -9999.0 -9999.0 -9999.0 -9999.0 -9999.0 -9999.0 -9999.0 -9999.0 -9999.0 -9999.0 -9999.0 -9999.0 -9999.0 -9999.0 -9999.0
00.68 00.67 00.62 00.60 00.59 00.48 00.44 00.40 00.49 00.52 00.62 00.61 00.59 00.56 00.51 00.51 00.41 00.43 00.41 00.52 00.53 00.52 00.58 00.61 00.59 00.53 00.55 00.56 00.56 00.52 00.45 -9999.0 -9999.0 -9999.0 -9999.0 -9999.0 -9999.0 -9999.0 -9999.0 -9999.0 -9999.0 -9999.0 -9999.0 -9999.0 -9999.0 -9999.0 -9999.0 -9999.0 -9999.0 -9999.0 -9999.0 -9999.0 -9999.0 -9999.0 -9999.0 -9999.0 -9999.0 -9999.0 -9999.0 -9999.0 -9999.0 -9999.0 -9999.0 -9999.0 -9999.0 -9999.0 -9999.0 -9999.0 -9999.0 -9999.0 -9999.0 -9999.0
00.67 00.69 00.62 00.62 00.59 00.55 00.43 00.39 00.49 00.56 00.54 00.60 00.57 00.54 00.49 00.53 00.55 00.44 00.41 00.49 00.52 00.51 00.57 00.57 00.59 00.57 00.58 00.56 00.52 00.48 00.38 00.36 -9999.0 -9999.0 -9999.0 -9999.0 -9999.0 -9999.0 -9999.0 -9999.0 -9999.0 -9999.0 -9999.0 -9999.0 -9999.0 -9999.0 -9999.0 -9999.0 -9999.0 -9999.0 -9999.0 -9999.0 -9999.0 -9999.0 -9999.0 -9999.0 -9999.0 -9999.0 -9999.0 -9999.0 -9999.0 -9999.0 -9999.0 -9999.0 -9999.0 -9999.0 -9999.0 -9999.0 -9999.0 -9999.0 -9999.0 -9999.0
00.66 00.69 00.67 00.64 00.58 00.53 00.41 00.48 00.53 00.53 00.53 00.56 00.54 00.52 00.57 00.55 00.58 00.55 00.42 00.40 00.52 00.50 00.51 00.58 00.62 00.60 00.60 00.56 00.49 00.54 00.48 00.36 -9999.0 -9999.0 -9999.0 -9999.0 -9999.0 -9999.0 -9999.0 -9999.0 -9999.0 -9999.0 -9999.0 -9999.0 -9999.0 -9999.0 -9999.0 -9999.0 -9999.0 -9999.0 -9999.0 -9999.0 -9999.0 -9999.0 -9999.0 -9999.0 -9999.0 -9999.0 -9999.0 -9999.0 -9999.0 -9999.0 -9999.0 -9999.0 -9999.0 -9999.0 -9999.0 -9999.0 -9999.0 -9999.0 -9999.0 -9999.0
00.66 00.64 00.63 00.61 00.55 00.51 00.39 00.44 00.50 00.49 00.50 00.54 00.52 00.59 00.59 00.58 00.57 00.55 00.53 00.39 00.51 00.49 00.53 00.58 00.64 00.62 00.62 00.58 00.53 00.53 00.50 00.35 -9999.0 -9999.0 -9999.0 -9999.0 -9999.0 -9999.0 -9999.0 -9999.0 -9999.0 -9999.0 -9999.0 -9999.0 -9999.0 -9999.0 -9999.0 -9999.0 -9999.0 -9999.0 -9999.0 -9999.0 -9999.0 -9999.0 -9999.0 -9999.0 -9999.0 -9999.0 -9999.0 -9999.0 -9999.0 -9999.0 -9999.0 -9999.0 -9999.0 -9999.0 -9999.0 -9999.0 -9999.0 -9999.0 -9999.0 -9999.0
00.67 00.62 00.60 00.51 00.55 00.60 00.49 00.43 00.48 00.49 00.48 00.54 00.61 00.62 00.61 00.59 00.56 00.53 00.52 00.38 00.48 00.53 00.51 00.58 00.59 00.61 00.62 00.59 00.53 00.52 00.49 00.37 -9999.0 -9999.0 -9999.0 -9999.0 -9999.0 -9999.0 -9999.0 -9999.0 -9999.0 -9999.0 -9999.0 -9999.0 -9999.0 -9999.0 -9999.0 -9999.0 -9999.0 -9999.0 -9999.0 -9999.0 -9999.0 -9999.0 -9999.0 -9999.0 -9999.0 -9999.0 -9999.0 -9999.0 -9999.0 -9999.0 -9999.0 -9999.0 -9999.0 -9999.0 -9999.0 -9999.0 -9999.0 -9999.0 -9999.0 -9999.0
00.62 00.58 00.52 00.53 00.49 00.62 00.57 00.43 00.39 00.48 00.49 00.54 00.63 00.63 00.65 00.61 00.54 00.52 00.50 00.42 00.40 00.51 00.51 00.57 00.60 00.62 00.59 00.58 00.53 00.52 00.50 00.38 -9999.0 -9999.0 -9999.0 -9999.0 -9999.0 -9999.0 -9999.0 -9999.0 -9999.0 -9999.0 -9999.0 -9999.0 -9999.0 -9999.0 -9999.0 -9999.0 -9999.0 -9999.0 -9999.0 -9999.0 -9999.0 -9999.0 -9999.0 -9999.0 -9999.0 -9999.0 -9999.0 -9999.0 -9999.0 -9999.0 -9999.0 -9999.0 -9999.0 -9999.0 -9999.0 -9999.0 -9999.0 -9999.0 -9999.0 -9999.0
00.58 00.61 00.59 00.63 00.63 00.61 00.54 00.42 00.39 00.48 00.57 00.63 00.64 00.67 00.63 00.61 00.53 00.52 00.55 00.42 00.39 00.50 00.52 00.53 00.66 00.61 00.59 00.56 00.53 00.51 00.50 00.37 -9999.0 -9999.0 -9999.0 -9999.0 -9999.0 -9999.0 -9999.0 -9999.0 -9999.0 -9999.0 -9999.0 -9999.0 -9999.0 -9999.0 -9999.0 -9999.0 -9999.0 -9999.0 -9999.0 -9999.0 -9999.0 -9999.0 -9999.0 -9999.0 -9999.0 -9999.0 -9999.0 -9999.0 -9999.0 -9999.0 -9999.0 -9999.0 -9999.0 -9999.0 -9999.0 -9999.0 -9999.0 -9999.0 -9999.0 -9999.0
00.59 00.56 00.58 00.61 00.63 00.56 00.52 00.41 00.43 00.46 00.64 00.62 00.55 00.60 00.59 00.53 00.48 00.58 00.57 00.52 00.38 00.50 00.52 00.53 00.57 00.52 00.55 00.54 00.50 00.47 00.49 00.35 -9999.0 -9999.0 -9999.0 -9999.0 -9999.0 -9999.0 -9999.0 -9999.0 -9999.0 -9999.0 -9999.0 -9999.0 -9999.0 -9999.0 -9999.0 -9999.0 -9999.0 -9999.0 -9999.0 -9999.0 -9999.0 -9999.0 -9999.0 -9999.0 -9999.0 -9999.0 -9999.0 -9999.0 -9999.0 -9999.0 -9999.0 -9999.0 -9999.0 -9999.0 -9999.0 -9999.0 -9999.0 -9999.0 -9999.0 -9999.0
00.56 00.52 00.56 00.57 00.53 00.52 00.50 00.40 00.44 00.57 00.57 00.54 00.48 00.55 00.53 00.59 00.60 00.57 00.54 00.51 00.38 00.51 00.52 00.47 00.51 00.51 00.54 00.52 00.46 00.42 00.41 00.33 -9999.0 -9999.0 -9999.0 -9999.0 -9999.0 -9999.0 -9999.0 00.43 00.47 00.45 00.33 -9999.0 -9999.0 -9999.0 00.38 00.43 00.40 -9999.0 -9999.0 -9999.0 -9999.0 -9999.0 -9999.0 -9999.0 -9999.0 -9999.0 -9999.0 -9999.0 -9999.0 -9999.0 -9999.0 -9999.0 -9999.0 -9999.0 -9999.0 -9999.0 -9999.0 -9999.0 -9999.0 -9999.0
00.49 00.50 00.50 00.53 00.49 00.52 00.46 00.40 00.57 00.57 00.55 00.49 00.46 00.52 00.63 00.62 00.59 00.56 00.52 00.50 00.39 00.39 00.50 00.57 00.53 00.53 00.51 00.49 00.47 00.45 00.34 00.39 -9999.0 -9999.0 -9999.0 -9999.0 -9999.0 -9999.0 -9999.0 00.30 00.18 00.19 00.19 00.19 00.56 00.57 00.56 00.54 00.41 00.36 -9999.0 -9999.0 -9999.0 -9999.0 -9999.0 -9999.0 -9999.0 -9999.0 -9999.0 -9999.0 -9999.0 -9999.0 -9999.0 -9999.0 -9999.0 -9999.0 -9999.0 -9999.0 -9999.0 -9999.0 -9999.0 -9999.0
00.48 00.44 00.41 00.44 00.49 00.51 00.41 00.42 00.40 00.48 00.46 00.46 00.53 00.64 00.64 00.59 00.55 00.50 00.52 00.51 00.39 00.41 00.51 00.52 00.52 00.53 00.52 00.52 00.49 00.47 00.45 00.52 00.19 -9999.0 -9999.0 -9999.0 -9999.0 -9999.0 00.23 00.18 00.62 00.65 00.48 00.57 00.57 00.58 00.52 00.45 00.36 00.36 00.35 -9999.0 -9999.0 -9999.0 -9999.0 -9999.0 -9999.0 -9999.0 -9999.0 -9999.0 -9999.0 -9999.0 -9999.0 -9999.0 -9999.0 -9999.0 -9999.0 -9999.0 -9999.0 -9999.0 -9999.0 -9999.0
00.60 00.47 00.39 00.45 00.48 00.48 00.42 00.42 00.36 00.46 00.41 00.45 00.65 00.63 00.60 00.55 00.52 00.50 00.56 00.51 00.42 00.40 00.48 00.49 00.47 00.52 00.52 00.48 00.38 00.37 00.54 00.57 00.55 -9999.0 -9999.0 00.24 00.50 00.35 00.16 00.55 00.62 00.62 00.53 00.58 00.70 00.53 00.32 00.32 00.26 -9999.0 -9999.0 -9999.0 -9999.0 -9999.0 -9999.0 -9999.0 -9999.0 -9999.0 -9999.0 -9999.0 -9999.0 -9999.0 -9999.0 -9999.0 -9999.0 -9999.0 -9999.0 -9999.0 -9999.0 -9999.0 -9999.0 -9999.0
00.52 00.57 00.37 00.40 00.44 00.46 00.42 00.37 00.40 00.42 00.56 00.60 00.60 00.65 00.55 00.56 00.60 00.54 00.53 00.57 00.55 00.40 00.44 00.46 00.48 00.48 00.34 00.54 00.14 00.24 00.49 00.54 00.52 00.24 00.18 00.19 00.20 00.18 00.47 00.61 00.66 00.56 00.56 00.88 00.73 00.59 00.19 00.39 -9999.0 -9999.0 -9999.0 -9999.0 -9999.0 -9999.0 -9999.0 -9999.0 -9999.0 -9999.0 -9999.0 -9999.0 -9999.0 -9999.0 -9999.0 -9999.0 -9999.0 -9999.0 -9999.0 -9999.0 -9999.0 -9999.0 -9999.0 -9999.0
00.51 00.59 00.55 00.48 00.38 00.40 00.39 00.43 00.49 00.55 00.56 00.61 00.55 00.59 00.56 00.63 00.59 00.52 00.59 00.57 00.52 00.36 00.24 00.15 00.19 00.22 00.21 00.28 00.20 00.20 00.20 00.19 00.19 00.19 00.59 00.35 00.51 00.54 00.50 00.65 00.69 00.63 00.60 00.52 00.48 00.50 00.30 00.35 00.33 00.43 -9999.0 -9999.0 -9999.0 -9999.0 -9999.0 -9999.0 -9999.0 -9999.0 -9999.0 -9999.0 -9999.0 -9999.0 -9999.0 -9999.0 -9999.0 -9999.0 -9999.0 -9999.0 -9999.0 -9999.0 -9999.0 -9999.0
00.49 00.50 00.50 00.38 00.33 00.33 00.36 00.46 00.54 00.57 00.55 00.53 00.48 00.57 00.60 00.58 00.57 00.63 00.63 00.56 00.27 00.13 00.60 00.55 00.40 00.23 00.56 00.29 00.46 00.63 00.65 00.62 00.41 00.60 00.64 00.63 00.59 00.60 00.56 00.83 00.60 00.50 00.58 00.31 00.29 00.56 00.92 00.25 00.36 -9999.0 -9999.0 -9999.0 -9999.0 -9999.0 -9999.0 -9999.0 -9999.0 -9999.0 -9999.0 -9999.0 -9999.0 -9999.0 -9999.0 -9999.0 -9999.0 -9999.0 -9999.0 -9999.0 -9999.0 -9999.0 -9999.0 -9999.0
00.51 00.50 00.51 00.42 00.44 00.42 00.40 00.48 00.48 00.57 00.50 00.49 00.47 00.52 00.55 00.53 00.60 00.57 00.56 00.48 00.25 00.17 00.57 00.60 00.57 00.58 00.55 00.54 00.60 00.74 00.66 00.71 00.58 00.60 00.68 00.63 00.67 00.62 00.58 00.71 00.49 00.52 00.50 00.53 00.35 00.28 00.83 00.18 00.17 00.17 -9999.0 -9999.0 -9999.0 -9999.0 -9999.0 -9999.0 -9999.0 -9999.0 -9999.0 -9999.0 -9999.0 -9999.0 -9999.0 -9999.0 -9999.0 -9999.0 -9999.0 -9999.0 -9999.0 -9999.0 -9999.0 -9999.0
00.49 00.46 00.49 00.42 00.42 00.38 00.40 00.47 00.43 00.45 00.45 00.41 00.51 00.49 00.49 00.52 00.54 00.60 00.52 00.40 00.33 00.45 00.61 00.59 00.57 00.56 00.51 00.49 00.56 00.61 00.68 00.70 00.57 00.51 00.96 00.73 00.78 00.94 00.40 00.60 00.56 00.54 00.51 00.40 00.51 00.50 00.55 00.41 00.35 -9999.0 -9999.0 -9999.0 -9999.0 -9999.0 -9999.0 -9999.0 -9999.0 -9999.0 -9999.0 -9999.0 -9999.0 -9999.0 -9999.0 -9999.0 -9999.0 -9999.0 -9999.0 -9999.0 -9999.0 -9999.0 -9999.0 -9999.0
00.42 00.43 00.38 00.40 00.40 00.36 00.42 00.44 00.44 00.42 00.41 00.48 00.44 00.46 00.51 00.48 00.50 00.51 00.28 00.14 00.26 00.38 00.51 00.67 00.55 00.57 00.32 00.36 00.53 00.52 00.53 00.58 00.23 00.66 00.71 00.42 00.60 00.72 00.42 00.60 00.47 00.45 00.45 00.40 00.43 00.38 00.44 -9999.0 -9999.0 -9999.0 -9999.0 -9999.0 -9999.0 -9999.0 -9999.0 -9999.0 -9999.0 -9999.0 -9999.0 -9999.0 -9999.0 -9999.0 -9999.0 -9999.0 -9999.0 -9999.0 -9999.0 -9999.0 -9999.0 -9999.0 -9999.0 -9999.0
