Supplementary_Data/FB_x64/TestFarsite/SampleData/Outputs/test_FlameLength.asc
NCOLS 401
NROWS 476
XLLCORNER -5994.000000
YLLCORNER -7142.000000
CELLSIZE 30.000000
NODATA_VALUE -9999.0
[rows 160 to 191 of 476, columns 72 to 143 of 401]
-9999.0 -9999.0 -9999.0 -9999.0 -9999.0 00.30 00.64 01.17 00.47 00.34 00.88 00.98 00.35 00.31 -9999.0 -9999.0 -9999.0 00.17 00.16 00.21 00.38 00.41 00.48 00.45 00.50 02.20 01.99 00.52 00.45 01.45 01.46 00.46 00.43 02.41 00.50 00.45 00.53 00.52 00.37 00.37 00.37 00.39 00.40 00.38 00.36 00.40 00.43 00.47 00.46 00.47 00.43 00.39 00.49 00.43 00.49 00.53 00.51 00.57 00.58 00.50 00.53 00.56 00.57 00.59 00.52 00.57 00.59 00.57 00.54 00.48 00.51 00.55
00.75 00.38 01.40 -9999.0 -9999.0 -9999.0 -9999.0 -9999.0 00.31 00.30 00.30 00.30 00.30 -9999.0 -9999.0 -9999.0 00.16 00.23 00.39 00.34 00.42 00.44 00.45 00.45 00.41 00.43 00.91 00.53 00.50 00.44 00.49 00.42 00.39 00.37 00.47 00.55 00.52 00.51 00.60 00.57 00.45 00.62 00.57 00.53 00.35 00.36 00.39 00.42 00.39 00.41 00.37 00.47 00.37 00.54 00.55 00.57 00.56 00.55 00.54 00.52 00.51 00.54 00.56 00.56 00.57 00.57 00.58 00.61 00.53 00.47 00.50 00.52
00.52 00.51 00.35 -9999.0 -9999.0 -9999.0 -9999.0 -9999.0 -9999.0 -9999.0 -9999.0 -9999.0 -9999.0 00.15 00.17 00.25 00.40 00.39 00.39 00.46 00.49 00.42 00.41 00.42 00.34 -9999.0 00.32 00.31 00.43 00.47 00.39 00.43 00.44 00.39 00.38 00.45 00.49 00.44 00.63 00.57 00.56 00.54 00.61 00.54 00.47 00.42 00.40 00.39 00.39 00.37 00.45 00.51 00.58 00.59 00.60 00.60 00.60 00.59 00.51 00.57 00.51 00.56 00.60 00.62 00.61 00.63 00.60 00.59 00.50 00.61 00.50 00.48
00.54 00.50 00.35 -9999.0 -9999.0 -9999.0 -9999.0 -9999.0 -9999.0 -9999.0 -9999.0 -9999.0 00.19 00.46 00.45 00.44 00.46 00.48 00.39 00.53 00.53 00.44 00.39 00.38 00.36 00.33 00.31 00.40 00.36 00.47 00.41 00.49 00.56 00.43 00.39 00.38 00.46 00.60 00.93 00.52 00.52 00.50 00.51 00.54 00.44 00.41 00.39 00.36 00.37 00.49 00.53 00.55 00.56 00.57 00.60 00.60 00.57 00.58 00.52 00.54 00.50 00.56 00.59 00.60 00.59 00.60 00.50 00.43 00.61 00.60 00.50 00.63
00.39 00.37 -9999.0 -9999.0 -9999.0 -9999.0 -9999.0 -9999.0 -9999.0 00.42 00.45 00.44 00.43 00.44 00.42 00.50 00.52 00.53 00.55 01.96 03.27 00.57 00.39 00.37 00.37 00.38 00.51 00.55 00.50 00.42 00.42 00.51 00.58 00.55 00.40 00.38 00.53 01.62 04.30 00.46 00.44 00.43 00.42 00.48 00.49 00.41 00.39 00.50 00.53 00.55 00.56 00.57 00.49 00.53 00.52 00.56 00.56 00.57 00.57 00.55 00.51 00.58 00.59 00.70 00.57 00.58 00.64 00.62 00.62 00.58 00.47 00.58
-9999.0 -9999.0 -9999.0 -9999.0 -9999.0 -9999.0 -9999.0 -9999.0 -9999.0 00.42 00.39 00.40 00.43 00.49 00.45 00.52 00.48 03.47 00.59 00.62 00.57 00.57 00.61 00.60 00.42 00.45 00.50 00.40 00.43 01.00 02.44 00.46 00.58 00.49 00.36 00.36 00.52 01.75 01.84 00.40 00.38 00.42 00.46 00.49 00.48 00.43 00.55 00.53 00.52 00.53 00.64 00.67 00.43 00.47 00.48 01.22 00.50 00.49 00.55 00.55 00.56 00.58 00.58 00.59 00.55 00.58 00.61 00.59 00.57 00.51 00.48 00.56
-9999.0 -9999.0 -9999.0 -9999.0 -9999.0 -9999.0 -9999.0 -9999.0 -9999.0 00.39 00.38 00.44 00.47 00.50 00.84 00.45 00.44 01.52 01.81 00.56 00.56 00.56 00.55 00.53 00.55 00.43 00.47 00.41 02.94 01.18 00.44 01.30 00.59 00.42 00.31 00.33 01.15 01.32 00.68 00.39 01.62 00.47 00.45 00.45 00.40 00.55 00.58 00.52 00.45 00.54 00.56 00.62 00.43 00.43 00.46 03.08 00.52 00.54 00.49 00.54 00.55 00.59 00.58 00.58 00.54 00.58 00.55 00.48 00.52 00.50 00.52 00.49
-9999.0 -9999.0 -9999.0 -9999.0 -9999.0 -9999.0 00.34 00.36 00.38 00.43 00.39 00.42 00.45 01.49 02.27 00.42 00.39 00.41 00.81 00.53 00.55 00.51 00.46 00.39 00.53 00.53 00.45 00.36 01.00 00.45 00.39 00.32 00.30 00.30 00.33 00.33 00.91 00.37 00.35 00.36 00.34 00.41 00.43 00.45 00.46 00.58 00.52 00.50 00.43 00.44 00.57 00.58 00.59 00.42 00.43 01.43 00.48 00.51 00.48 00.50 00.57 00.57 00.59 00.62 00.54 00.52 00.49 00.43 00.56 00.52 00.52 00.36
-9999.0 -9999.0 -9999.0 00.35 00.37 00.40 00.49 00.50 00.50 01.88 02.28 00.41 00.39 00.39 01.01 00.40 01.21 00.74 00.52 00.51 00.54 00.43 00.42 00.40 00.50 00.45 00.46 00.38 00.43 00.59 03.72 06.82 02.72 00.36 00.36 00.36 00.52 00.50 00.42 00.39 00.41 00.46 00.48 00.52 00.51 00.50 00.47 00.43 00.43 00.46 02.87 03.08 02.29 00.40 00.44 00.43 00.44 00.48 00.44 00.45 00.49 00.55 00.57 00.55 00.52 00.47 00.42 00.60 00.53 00.48 00.50 00.22
-9999.0 00.36 00.37 00.43 00.48 00.51 00.52 00.53 00.54 00.54 01.46 00.42 00.37 00.37 00.42 01.16 00.43 00.51 00.52 00.55 00.44 00.45 00.43 00.43 00.41 00.42 01.30 00.39 00.47 00.55 00.59 02.54 01.12 00.34 00.46 00.39 00.40 00.52 00.53 00.50 00.59 00.57 00.58 00.53 00.49 00.50 02.25 04.18 00.48 01.28 03.73 03.05 00.39 00.37 00.40 00.39 00.44 00.44 00.43 00.44 00.44 00.45 00.49 00.52 00.50 00.45 00.59 00.52 00.45 00.43 00.14 00.17
00.37 00.39 00.45 00.49 00.54 00.55 00.55 00.94 00.72 00.50 00.45 00.45 00.52 00.49 00.41 01.09 01.27 00.47 00.49 00.53 00.41 00.44 00.45 00.45 00.69 01.12 01.46 00.35 00.44 00.88 00.60 00.53 00.43 00.34 00.32 00.44 01.09 00.47 00.50 00.52 00.58 00.58 00.61 00.61 00.50 00.56 00.59 00.93 03.16 02.18 02.02 00.45 00.36 00.44 00.36 00.38 00.38 00.39 00.40 00.39 00.37 00.41 00.45 00.61 00.51 00.48 00.65 00.31 00.38 00.27 00.16 00.47
00.41 00.46 00.49 00.53 00.62 00.61 00.59 00.53 03.15 00.43 00.45 00.47 00.49 00.54 00.62 00.47 00.60 00.56 00.45 00.50 00.39 00.43 00.52 00.55 00.43 00.41 00.33 00.32 00.37 01.98 00.52 00.43 00.36 00.33 00.36 00.35 00.37 00.41 00.44 00.44 00.54 00.61 00.61 00.57 00.52 00.57 00.54 00.50 00.55 00.49 03.77 00.41 00.49 00.45 00.37 00.39 00.39 00.40 00.38 00.50 00.29 00.33 00.47 00.57 00.62 00.36 00.56 00.19 00.18 00.17 00.39 00.55
00.48 00.47 00.51 00.63 00.66 00.65 00.64 00.51 00.43 00.46 00.45 00.47 00.51 00.58 00.65 00.65 00.59 00.58 00.49 00.43 00.38 00.44 01.97 00.58 00.57 00.40 00.43 00.45 00.44 00.32 00.35 00.35 00.30 00.31 00.86 00.45 00.39 00.39 00.38 00.40 00.47 00.54 00.53 00.51 00.52 00.45 00.57 00.55 00.58 01.28 06.17 00.46 00.57 00.41 00.43 00.40 00.26 00.25 00.37 00.51 00.35 00.30 00.36 00.51 00.52 00.40 00.26 00.19 00.20 00.34 00.50 00.52
00.42 00.49 00.55 00.61 00.69 00.66 00.61 00.51 00.46 00.62 00.55 00.46 00.48 00.56 00.61 00.59 00.55 00.55 00.54 00.50 00.39 00.43 00.66 00.56 00.57 00.53 00.47 00.56 00.57 00.44 00.43 00.40 00.32 00.40 02.22 00.42 00.35 00.35 00.36 00.40 00.46 00.52 00.52 00.47 00.46 00.55 00.57 00.54 00.56 00.58 00.61 00.60 00.58 00.49 00.49 00.43 00.23 00.19 00.57 02.38 00.57 00.62 00.50 00.48 00.49 00.59 00.44 00.29 00.59 00.37 00.45 00.50
00.52 00.47 00.51 00.60 00.68 00.64 00.55 00.49 00.49 00.60 00.60 00.43 00.45 00.51 00.58 00.56 00.51 00.52 00.51 00.51 00.41 00.42 00.53 00.55 00.56 00.53 00.55 00.55 01.18 01.17 00.49 00.33 00.34 00.53 00.46 00.47 00.59 00.66 00.42 00.42 00.43 00.48 00.50 00.50 00.46 00.50 00.53 00.52 00.51 00.55 00.62 00.65 00.58 00.54 00.53 00.53 00.21 00.50 00.55 00.59 00.57 00.59 00.60 00.58 00.75 00.61 00.53 00.65 00.59 00.41 00.46 00.44
00.51 00.44 00.47 00.54 00.68 00.58 00.50 00.43 00.56 00.57 00.58 00.40 00.44 00.46 00.51 00.53 00.51 00.51 00.50 00.43 00.43 00.42 00.50 00.58 00.60 00.55 00.56 00.95 00.93 01.11 00.66 00.35 00.45 00.47 00.45 00.44 00.47 00.56 00.48 00.39 00.38 00.44 00.47 00.43 00.42 00.48 00.51 00.53 00.49 00.53 00.61 00.67 00.65 00.64 00.54 00.43 00.35 00.48 00.52 00.79 02.54 00.65 00.67 00.79 00.79 00.63 00.55 00.51 00.43 00.58 00.56 00.50
00.50 00.46 00.41 00.45 00.59 00.46 00.43 00.39 00.56 00.55 00.56 00.53 00.43 00.44 00.47 00.49 00.51 00.50 00.42 00.43 00.41 00.43 00.47 00.57 00.59 00.56 00.55 00.80 00.85 00.50 00.93 00.32 00.43 00.44 00.40 00.42 00.47 00.45 00.52 03.04 00.58 00.45 00.40 00.43 00.42 00.45 00.47 00.50 00.46 00.55 00.64 00.66 00.63 00.61 00.59 00.64 00.40 00.42 00.43 00.48 00.52 00.53 00.65 00.85 00.66 00.65 00.51 00.47 00.44 00.41 00.55 00.50
00.43 00.64 00.39 00.37 00.37 00.38 00.59 00.59 00.54 00.54 00.58 00.59 01.06 00.43 00.43 00.43 00.77 00.46 00.38 00.52 01.47 00.44 00.48 00.52 00.57 00.59 00.55 00.52 00.42 00.32 00.31 00.33 00.40 00.45 00.46 00.39 00.39 00.43 00.62 01.42 00.47 00.44 00.53 00.44 00.41 00.44 00.45 00.49 00.44 00.53 00.62 00.58 00.52 00.55 00.54 00.61 00.46 00.38 00.38 00.38 00.40 00.44 00.51 00.65 00.65 00.53 00.58 00.53 00.47 00.41 00.49 00.49
00.64 00.65 00.62 00.58 00.58 00.60 00.59 00.51 00.50 00.51 00.58 00.61 07.29 00.29 00.41 00.35 00.36 00.46 00.35 00.50 00.45 00.41 00.43 00.47 00.57 00.57 00.51 00.45 00.33 00.36 00.36 00.40 00.42 00.44 00.49 00.58 00.59 00.63 00.46 00.41 00.57 00.57 00.58 00.41 01.05 00.43 00.43 00.48 00.44 00.42 00.43 00.47 00.44 00.43 00.60 00.60 00.48 00.50 00.57 00.58 00.41 00.42 00.46 00.63 00.61 00.45 00.60 00.55 00.51 00.43 00.55 00.60
00.64 00.64 00.62 00.54 00.57 00.60 00.60 00.59 00.42 00.42 00.50 00.50 00.49 00.29 00.13 00.35 00.14 00.42 00.39 00.34 00.42 00.71 00.39 00.40 00.53 00.49 00.44 00.42 00.36 00.47 01.90 00.53 00.48 00.52 00.84 00.87 00.60 00.58 00.60 00.58 00.61 00.61 00.52 01.14 01.92 00.40 00.39 00.45 00.65 00.41 00.41 00.41 00.44 02.14 00.57 00.53 00.47 00.49 00.57 00.60 00.59 00.42 00.44 00.43 00.54 00.49 00.60 00.52 00.99 01.36 00.49 00.59
00.60 00.62 00.62 00.49 00.56 00.59 00.59 00.58 00.58 00.79 00.91 00.70 00.56 00.57 00.13 00.16 00.16 00.39 00.42 00.26 00.39 01.07 00.54 00.36 00.38 00.38 00.41 00.35 01.89 00.46 00.85 00.58 00.50 00.48 00.76 01.06 00.68 00.56 00.58 00.61 00.57 00.47 00.44 00.55 01.10 00.37 00.39 00.38 00.39 00.40 00.50 00.52 00.32 00.63 00.53 00.46 00.47 00.50 00.56 00.57 00.61 00.59 00.42 00.44 00.35 00.53 00.47 00.54 02.67 01.27 00.17 00.34
00.56 00.60 00.60 00.50 00.51 00.59 00.59 00.59 00.60 00.59 00.59 00.60 00.60 00.55 00.14 00.44 00.31 00.43 00.53 00.80 00.52 00.26 01.28 00.82 00.80 00.42 00.42 00.32 00.31 00.49 00.56 00.51 00.48 00.45 00.83 00.66 00.52 00.53 00.59 00.64 00.45 00.39 00.37 00.36 00.38 00.38 00.38 00.39 00.51 00.40 00.39 00.54 00.39 00.60 00.56 00.56 00.51 00.51 00.53 00.57 00.56 00.55 00.59 00.47 00.44 00.49 00.44 00.47 00.57 00.57 00.57 00.51
00.54 00.57 00.60 00.51 00.76 02.79 00.51 00.60 00.81 00.54 00.55 00.58 00.58 00.42 00.15 00.22 00.42 00.56 00.41 00.47 00.52 00.47 00.26 01.50 00.42 00.38 00.33 00.31 00.38 00.40 02.26 00.41 00.45 00.61 00.45 00.44 00.45 00.53 00.49 00.48 00.46 00.45 00.37 -9999.0 -9999.0 00.22 00.31 00.25 00.28 00.28 00.35 00.54 00.48 00.59 00.57 00.56 00.52 00.52 00.55 00.58 00.54 00.58 00.59 00.53 00.50 00.46 00.39 00.46 00.56 00.68 00.65 00.61
00.48 01.76 00.56 00.53 01.32 02.06 00.96 02.77 00.53 00.59 00.54 00.57 00.40 00.16 00.16 00.39 00.53 00.52 00.53 00.51 00.53 00.56 00.60 00.35 00.44 00.33 00.42 00.36 00.36 00.47 00.37 00.40 00.47 00.43 00.42 00.42 00.39 00.37 00.39 00.47 00.43 00.44 -9999.0 -9999.0 -9999.0 00.12 00.24 02.30 00.58 00.36 00.58 00.52 00.58 00.58 00.58 00.51 00.52 00.55 00.60 00.59 00.56 00.53 00.55 00.52 00.47 00.50 00.53 00.47 00.54 00.63 00.68 00.58
00.54 01.34 00.53 01.01 00.54 00.52 00.48 00.52 00.54 00.56 00.51 00.56 00.20 00.39 00.42 00.41 00.50 00.51 00.53 00.58 00.55 00.59 00.61 00.59 00.45 00.36 00.31 00.35 00.37 00.39 00.39 00.44 00.48 00.51 00.45 00.41 00.36 00.35 00.37 00.54 00.42 00.44 00.43 00.40 -9999.0 00.17 00.23 00.84 00.50 00.52 00.62 00.58 00.56 00.55 00.56 00.54 00.52 00.52 00.55 00.61 00.55 00.49 00.51 00.48 00.45 00.50 00.41 00.49 00.50 00.58 00.63 00.61
01.86 02.09 00.51 01.83 00.45 00.43 00.55 00.52 00.54 00.61 00.51 00.52 00.50 00.22 01.57 00.52 00.49 00.51 00.53 00.57 00.58 00.67 00.60 00.54 00.48 00.26 00.25 00.30 00.39 00.43 00.44 00.43 00.44 00.49 00.42 00.41 00.31 00.33 00.36 00.39 00.19 00.17 00.18 00.19 00.19 00.23 00.30 00.50 00.46 00.47 00.56 00.59 00.59 00.60 00.57 00.58 00.57 00.59 00.58 00.58 00.52 00.42 00.47 00.48 00.46 00.48 00.41 00.42 00.41 00.44 00.52 00.79
01.52 00.99 00.57 00.60 00.40 00.45 00.50 00.56 00.53 00.59 00.57 00.49 00.30 00.21 01.46 00.47 00.47 00.50 00.54 00.58 00.62 00.62 00.55 00.48 00.42 00.33 00.40 00.40 00.29 00.38 00.37 00.37 00.41 00.40 00.39 00.15 00.17 00.15 00.42 00.35 00.17 00.75 00.27 00.23 00.19 00.22 00.51 00.47 00.44 00.49 00.55 00.55 00.52 00.55 00.58 00.58 00.58 00.59 00.57 00.53 00.51 00.41 00.42 00.45 00.47 00.47 00.41 00.57 00.58 00.49 00.57 01.05
00.82 00.63 03.77 01.59 00.58 00.58 00.50 01.41 01.10 00.72 00.61 00.46 00.50 00.33 00.82 00.44 00.45 00.47 00.52 00.60 00.58 00.56 00.48 00.43 00.33 00.35 00.14 00.12 00.11 00.33 00.36 00.37 00.48 00.35 00.42 00.64 00.19 00.98 00.20 00.21 00.30 00.52 00.60 00.27 00.20 00.24 00.49 00.48 00.46 00.44 00.44 00.48 02.48 00.55 00.56 00.57 00.57 00.57 00.55 00.48 00.52 00.59 00.40 00.43 00.47 00.38 00.38 00.54 00.59 00.61 00.69 01.00
00.72 00.55 02.08 00.70 00.50 00.44 00.41 01.42 01.29 00.38 00.49 00.48 00.40 00.42 00.39 00.40 00.40 00.41 00.40 00.74 00.60 00.48 00.43 00.42 00.32 00.40 00.16 00.18 00.17 00.26 00.25 00.46 00.27 00.27 01.64 00.57 00.68 01.29 03.21 00.20 00.51 00.73 00.49 00.60 00.46 00.47 00.49 01.78 00.40 00.42 00.48 00.56 01.35 00.54 00.57 00.45 00.53 00.57 00.53 00.53 00.55 00.57 00.60 00.58 00.46 00.36 00.43 00.49 00.63 00.85 00.69 00.86
00.55 00.48 00.55 00.51 00.50 00.76 00.36 00.19 00.13 00.14 00.40 00.42 00.43 00.46 00.92 03.03 00.53 00.38 00.37 00.38 00.41 00.43 00.41 00.33 00.33 00.42 00.40 00.54 00.55 00.25 00.53 00.59 00.62 00.37 00.45 00.45 01.01 00.44 00.55 00.46 00.59 00.61 01.12 01.11 00.46 00.46 00.45 00.56 01.65 00.46 00.66 00.44 00.48 00.47 00.45 00.43 00.41 00.39 00.58 00.57 00.50 00.57 00.59 00.58 00.51 00.48 00.38 00.45 00.65 00.70 00.79 00.73
00.36 00.55 00.52 03.01 00.37 01.45 00.18 00.47 00.15 00.40 00.41 00.42 00.48 00.53 00.55 02.25 00.53 00.54 00.55 00.36 00.37 00.37 00.33 00.33 00.40 00.44 00.59 00.61 00.55 00.41 00.53 00.54 00.59 00.56 00.51 01.16 00.44 00.45 00.62 00.51 00.58 00.65 02.44 00.58 00.48 00.44 00.43 00.56 00.54 00.53 00.59 00.47 00.47 00.45 00.44 00.39 00.40 00.37 00.42 00.50 00.53 00.52 00.50 00.50 00.44 00.49 00.40 00.49 00.69 00.72 00.56 00.48
01.36 00.50 00.58 03.42 00.41 00.36 00.17 00.25 00.47 00.48 00.39 00.39 00.48 00.55 00.55 00.55 00.55 00.55 00.54 00.52 00.40 00.30 00.34 00.52 00.50 00.54 00.57 00.57 00.55 00.28 00.54 00.48 00.53 00.50 00.44 00.58 00.41 00.44 00.49 00.54 00.77 00.65 00.63 00.57 00.54 00.54 00.41 00.52 00.32 00.62 00.47 00.51 00.46 00.42 00.42 00.37 00.41 00.46 00.31 00.48 00.53 00.52 00.49 00.43 00.44 00.45 00.45 00.54 00.79 00.69 00.47 00.37
