Supplementary_Data/FB_x64/TestFarsite/SampleData/Outputs/test_SpreadDirection.asc
NCOLS 401
NROWS 476
XLLCORNER -5994.000000
YLLCORNER -7142.000000
CELLSIZE 30.000000
NODATA_VALUE -9999.0
[rows 266 to 303 of 476, columns 86 to 171 of 401]
286 310 023 357 357 100 072 022 091 273 334 334 084 349 054 051 060 079 079 087 002 002 062 073 320 324 001 003 308 316 051 051 351 045 036 036 072 108 353 353 026 077 291 348 348 075 076 100 114 062 284 341 015 015 071 010 016 012 009 009 006 013 357 357 007 007 014 011 011 021 348 005 100 129 163 154 147 125 145 121 129 142 153 144 126 131
281 295 020 020 083 013 024 030 053 289 309 101 349 061 057 059 347 079 084 087 000 068 063 114 282 325 331 072 316 071 054 004 004 047 274 042 039 126 334 334 081 060 301 337 341 078 076 109 126 041 284 345 037 067 355 355 039 036 021 034 037 098 348 348 046 039 078 034 122 004 004 109 097 103 087 051 051 055 024 122 148 181 181 141 140 139
276 291 026 026 083 348 348 064 066 311 334 346 023 052 046 332 081 042 082 355 355 062 100 330 282 323 330 073 303 039 101 001 001 069 274 005 014 253 323 339 119 277 310 326 326 078 108 118 294 013 282 335 027 033 027 027 037 056 042 025 103 002 002 063 075 071 078 120 008 007 109 125 107 099 107 100 124 128 118 103 104 192 176 175 145 147
276 285 006 009 037 307 325 061 024 335 347 349 018 018 031 063 355 019 030 357 011 047 073 329 012 345 107 138 336 352 002 001 058 088 272 323 034 060 002 096 138 277 331 330 338 094 136 162 323 004 356 011 024 076 050 099 117 086 051 109 350 357 072 063 063 082 100 018 017 112 109 149 158 153 111 116 130 157 160 141 139 218 170 170 167 124
252 330 332 332 029 307 348 352 344 352 336 335 038 042 028 000 000 000 023 007 005 057 326 338 346 346 356 356 352 356 010 049 051 041 015 331 007 008 007 098 321 310 330 011 037 058 013 325 337 067 066 085 061 112 106 097 136 137 020 049 046 013 104 064 074 082 067 048 113 130 139 141 182 177 142 125 125 131 173 139 005 005 174 174 164 167
345 005 288 334 335 356 356 353 002 024 331 329 043 041 004 003 003 050 035 026 050 053 004 060 348 061 356 004 004 005 006 047 004 016 053 024 024 028 098 053 328 326 007 027 014 037 009 014 014 083 099 085 109 125 099 089 037 026 127 109 125 119 126 118 091 125 120 123 123 123 070 070 220 200 138 114 042 043 042 003 018 105 067 054 127 124
033 046 334 326 318 003 003 019 020 022 329 329 044 051 358 002 002 051 029 032 047 051 048 349 349 044 315 007 007 003 056 050 049 128 072 050 131 158 098 071 321 322 009 009 015 015 037 046 091 094 099 111 125 133 130 089 070 127 131 130 127 127 096 181 169 114 132 118 119 139 135 109 101 201 195 101 074 067 036 027 121 136 133 112 168 152
033 007 321 300 320 316 000 000 000 027 328 052 050 359 359 359 054 052 030 043 044 049 048 348 045 043 313 334 063 038 073 123 128 120 078 076 073 067 013 355 322 340 004 004 042 036 037 094 091 094 107 116 137 142 142 147 168 170 166 127 127 134 151 100 061 191 126 134 142 151 164 105 113 186 185 185 082 079 146 115 084 082 085 072 101 103
021 007 032 298 -9999 -9999 -9999 -9999 -9999 -9999 -9999 -9999 -9999 000 017 017 058 033 045 043 050 050 015 012 012 301 329 329 087 115 126 120 020 027 053 075 064 066 012 354 000 000 009 043 041 041 089 094 111 118 117 104 175 175 118 115 211 177 163 157 136 139 149 156 156 185 124 084 078 080 044 049 102 193 190 172 169 178 178 103 085 082 084 079 132 131
338 002 018 276 -9999 -9999 -9999 -9999 -9999 -9999 -9999 -9999 -9999 -9999 -9999 -9999 032 032 045 045 050 023 010 010 077 301 319 068 115 037 070 027 027 025 027 065 065 345 011 352 001 050 041 043 043 086 089 101 128 156 156 146 124 159 139 129 142 168 159 171 140 142 057 054 055 040 192 091 077 035 043 104 102 096 091 203 216 159 135 189 151 160 172 132 102 049
342 314 004 035 -9999 -9999 -9999 -9999 -9999 -9999 -9999 -9999 -9999 -9999 -9999 -9999 -9999 046 046 048 049 027 028 064 079 319 332 033 040 037 014 027 023 022 065 065 359 011 011 355 057 050 038 010 085 086 109 110 111 049 146 162 138 141 116 136 138 117 083 064 019 019 115 087 054 072 112 110 132 134 111 103 101 113 057 056 211 135 109 242 134 113 124 111 098 146
356 316 000 034 -9999 -9999 -9999 -9999 -9999 -9999 -9999 -9999 -9999 -9999 -9999 -9999 -9999 -9999 045 046 031 033 064 064 063 355 355 035 036 012 031 031 029 070 066 000 000 011 352 013 058 058 065 113 085 089 109 089 053 085 076 074 181 157 157 164 152 175 176 164 138 140 152 141 108 107 111 128 164 122 118 116 115 103 073 111 238 189 192 092 212 125 135 132 141 086
-9999 -9999 -9999 -9999 -9999 -9999 -9999 -9999 -9999 -9999 -9999 -9999 -9999 -9999 -9999 -9999 -9999 -9999 -9999 032 032 032 066 045 050 023 022 006 034 016 028 030 072 076 078 005 059 036 036 062 062 085 082 106 128 115 094 049 079 074 076 075 069 107 011 053 098 077 191 163 154 162 178 178 172 113 128 095 072 037 118 123 126 058 043 065 064 101 158 324 208 135 142 148 190 185
-9999 -9999 -9999 -9999 -9999 -9999 -9999 -9999 -9999 -9999 -9999 -9999 -9999 -9999 -9999 -9999 -9999 -9999 -9999 -9999 -9999 075 043 052 050 032 027 007 041 032 032 080 074 075 008 007 059 059 090 098 094 085 082 120 041 036 121 075 082 074 076 060 069 052 025 047 079 079 021 023 353 007 011 184 171 170 158 151 149 150 138 004 004 064 070 076 119 117 087 221 201 206 136 116 227 211
-9999 -9999 -9999 -9999 -9999 -9999 -9999 -9999 -9999 -9999 -9999 -9999 -9999 -9999 -9999 -9999 -9999 -9999 -9999 -9999 -9999 048 052 052 060 008 033 076 091 124 115 080 112 127 319 066 060 063 054 071 101 104 035 037 039 116 138 149 141 055 091 129 051 053 055 091 063 065 019 019 357 357 095 096 097 188 185 131 128 091 353 355 095 067 095 120 117 112 091 141 205 178 139 120 080 226
-9999 -9999 -9999 -9999 -9999 -9999 -9999 -9999 -9999 -9999 -9999 -9999 -9999 -9999 -9999 -9999 -9999 -9999 -9999 -9999 -9999 -9999 051 052 291 335 076 076 114 065 096 115 327 052 344 047 069 050 054 095 080 087 070 123 110 116 028 050 060 097 129 357 359 055 055 070 043 081 055 120 060 130 094 096 096 081 202 128 135 085 032 107 095 089 101 111 114 140 140 142 224 185 186 118 132 104
-9999 -9999 -9999 -9999 -9999 -9999 -9999 -9999 -9999 -9999 -9999 -9999 -9999 -9999 -9999 -9999 -9999 -9999 -9999 -9999 -9999 -9999 -9999 050 031 334 079 076 034 065 096 325 051 346 032 032 052 049 051 081 080 091 126 125 354 036 046 050 096 049 049 048 014 055 072 072 081 093 121 120 145 143 143 141 139 037 211 135 139 134 118 119 120 119 124 124 124 125 141 141 189 206 212 204 144 150
-9999 -9999 -9999 -9999 -9999 -9999 -9999 -9999 -9999 -9999 -9999 -9999 -9999 -9999 -9999 -9999 -9999 -9999 -9999 -9999 -9999 -9999 -9999 -9999 050 344 086 036 062 063 064 334 087 328 034 049 049 080 082 081 057 074 073 094 025 039 044 097 045 048 049 132 346 074 073 076 095 110 132 131 103 100 095 079 077 068 114 211 144 145 137 134 136 133 130 125 125 125 042 055 053 017 210 176 178 154
-9999 -9999 -9999 -9999 -9999 -9999 -9999 -9999 -9999 -9999 -9999 -9999 -9999 -9999 -9999 -9999 -9999 -9999 -9999 -9999 -9999 -9999 -9999 -9999 332 108 086 066 036 065 334 069 327 060 044 049 079 079 062 060 075 075 079 027 032 036 097 096 046 045 090 357 357 065 072 096 095 100 174 146 128 022 021 079 079 093 115 132 155 155 153 136 116 122 096 099 344 053 052 090 337 022 023 096 181 170
-9999 -9999 -9999 -9999 -9999 -9999 -9999 -9999 -9999 -9999 -9999 -9999 -9999 -9999 -9999 -9999 -9999 -9999 -9999 -9999 -9999 -9999 -9999 -9999 -9999 127 031 037 036 085 348 069 319 060 048 077 079 064 065 076 075 075 024 026 027 107 098 051 048 097 048 030 104 097 096 098 099 099 063 121 013 023 086 086 089 095 132 156 189 186 158 158 155 113 097 099 007 066 094 090 042 031 119 095 080 056
-9999 -9999 -9999 -9999 -9999 -9999 -9999 -9999 -9999 -9999 -9999 -9999 -9999 -9999 -9999 -9999 -9999 -9999 -9999 -9999 -9999 -9999 -9999 -9999 -9999 310 318 069 074 345 072 069 330 064 067 074 069 076 074 075 086 089 074 113 110 106 059 053 104 088 063 124 105 097 137 344 064 062 063 007 359 095 086 086 100 100 127 046 045 033 163 179 173 155 110 112 097 108 094 080 058 125 129 124 116 114
-9999 -9999 -9999 -9999 -9999 -9999 -9999 -9999 -9999 -9999 -9999 -9999 -9999 -9999 -9999 -9999 -9999 -9999 -9999 -9999 -9999 -9999 -9999 -9999 -9999 -9999 311 058 341 106 073 359 060 064 067 074 070 077 074 105 085 117 117 122 122 135 140 109 114 132 128 129 131 068 058 064 063 065 010 012 116 100 100 100 102 108 019 046 034 033 036 070 065 103 133 109 101 124 127 145 141 161 128 136 149 151
-9999 -9999 -9999 -9999 -9999 -9999 -9999 -9999 -9999 -9999 -9999 -9999 -9999 -9999 -9999 -9999 -9999 -9999 -9999 -9999 -9999 -9999 -9999 -9999 -9999 -9999 -9999 090 009 093 053 055 059 060 120 120 068 107 105 121 118 117 122 123 125 166 171 109 119 122 177 177 106 078 059 128 084 077 049 136 130 129 127 123 019 035 046 046 051 035 090 071 079 091 088 167 163 162 129 146 114 203 142 151 165 153
-9999 -9999 -9999 -9999 -9999 -9999 -9999 -9999 -9999 -9999 -9999 -9999 -9999 -9999 -9999 -9999 -9999 -9999 -9999 -9999 -9999 -9999 -9999 -9999 -9999 -9999 -9999 -9999 101 355 084 055 130 122 120 121 102 137 143 150 158 121 123 093 090 076 057 189 121 122 142 173 184 153 131 140 139 138 136 116 129 101 108 053 033 036 049 056 056 109 090 094 079 091 123 073 161 161 162 156 150 147 176 167 161 124
-9999 -9999 -9999 -9999 -9999 -9999 -9999 -9999 -9999 -9999 -9999 -9999 -9999 -9999 -9999 -9999 -9999 -9999 -9999 -9999 -9999 -9999 -9999 -9999 -9999 -9999 -9999 -9999 081 009 084 130 151 145 167 165 354 008 060 018 038 059 092 094 090 075 105 097 101 105 062 144 122 190 153 164 151 156 154 154 166 103 104 087 050 090 060 055 102 114 125 139 126 123 122 121 122 122 165 160 160 225 215 174 173 169
-9999 -9999 -9999 -9999 -9999 -9999 -9999 -9999 -9999 -9999 -9999 -9999 -9999 -9999 -9999 -9999 -9999 -9999 -9999 -9999 -9999 -9999 -9999 -9999 -9999 -9999 -9999 -9999 -9999 079 113 001 357 008 000 000 008 065 056 014 054 059 128 189 144 130 094 098 102 105 109 184 137 135 139 165 165 156 156 156 164 156 153 140 139 138 129 105 101 126 132 143 143 126 126 127 128 121 114 047 040 211 188 197 190 167
-9999 -9999 -9999 -9999 -9999 -9999 -9999 -9999 -9999 -9999 -9999 -9999 -9999 -9999 -9999 -9999 -9999 -9999 -9999 -9999 -9999 -9999 -9999 -9999 -9999 -9999 -9999 -9999 -9999 -9999 011 078 355 008 008 061 046 064 064 099 077 060 033 039 071 110 136 151 153 159 142 015 042 139 141 342 196 148 146 096 175 175 184 182 142 132 126 110 115 120 124 122 117 143 152 127 067 056 047 046 047 071 204 218 204 200
-9999 -9999 -9999 -9999 -9999 -9999 -9999 -9999 -9999 -9999 -9999 -9999 -9999 -9999 -9999 -9999 -9999 -9999 -9999 -9999 -9999 -9999 -9999 -9999 -9999 -9999 -9999 -9999 -9999 -9999 -9999 356 356 047 094 081 064 064 101 098 076 080 053 086 070 139 030 018 022 016 036 022 041 042 011 072 055 013 093 111 311 333 025 194 168 178 178 113 117 119 120 123 098 064 056 072 070 048 049 048 074 072 054 055 223 177
-9999 -9999 -9999 -9999 -9999 -9999 -9999 -9999 -9999 -9999 -9999 -9999 -9999 -9999 -9999 -9999 -9999 -9999 -9999 -9999 -9999 -9999 -9999 -9999 -9999 -9999 -9999 -9999 -9999 -9999 -9999 -9999 087 089 094 120 106 103 101 103 075 102 100 086 036 028 030 054 027 084 064 085 064 031 045 050 053 038 092 348 336 065 022 038 024 037 036 103 081 084 003 084 329 066 071 072 041 046 047 072 074 080 094 124 170 171
-9999 -9999 -9999 -9999 -9999 -9999 -9999 -9999 -9999 -9999 -9999 -9999 -9999 -9999 -9999 -9999 -9999 -9999 -9999 -9999 -9999 -9999 -9999 -9999 -9999 -9999 -9999 -9999 -9999 -9999 -9999 -9999 087 101 112 120 122 122 123 137 103 108 107 106 085 087 051 072 049 084 083 085 028 029 043 045 100 095 096 357 022 056 066 065 042 030 105 096 081 350 082 084 074 068 112 324 045 046 074 076 078 080 099 104 -9999 -9999
-9999 -9999 -9999 -9999 -9999 -9999 -9999 -9999 -9999 -9999 -9999 -9999 -9999 -9999 -9999 -9999 -9999 -9999 -9999 -9999 -9999 -9999 -9999 -9999 -9999 -9999 -9999 -9999 -9999 -9999 -9999 -9999 072 101 144 142 161 123 076 075 108 108 078 083 085 092 091 081 086 085 098 040 050 032 039 104 099 098 358 358 031 034 052 059 074 088 028 067 000 076 348 348 075 104 332 068 045 085 074 076 077 141 342 060 061 -9999
-9999 -9999 -9999 -9999 -9999 -9999 -9999 -9999 -9999 -9999 -9999 -9999 -9999 -9999 -9999 -9999 -9999 -9999 -9999 -9999 -9999 -9999 -9999 -9999 -9999 -9999 -9999 -9999 -9999 -9999 -9999 -9999 087 091 018 043 042 077 075 075 080 077 095 095 094 092 086 086 097 095 041 082 069 050 112 112 116 348 357 356 032 047 049 061 069 052 042 021 022 065 002 078 109 349 343 067 104 143 130 133 126 344 081 105 104 -9999
-9999 -9999 -9999 -9999 -9999 -9999 -9999 -9999 -9999 -9999 -9999 -9999 -9999 -9999 -9999 -9999 -9999 -9999 -9999 -9999 -9999 -9999 -9999 -9999 -9999 -9999 -9999 -9999 -9999 -9999 -9999 -9999 087 036 042 042 081 078 082 081 093 094 095 090 087 086 095 097 043 091 086 083 115 140 111 070 077 349 354 031 031 046 047 061 009 051 056 046 060 061 039 078 342 011 007 069 043 080 357 352 004 004 074 046 039 -9999
-9999 -9999 -9999 -9999 -9999 -9999 -9999 -9999 -9999 -9999 -9999 -9999 -9999 -9999 -9999 -9999 -9999 -9999 -9999 -9999 -9999 -9999 -9999 -9999 -9999 -9999 -9999 -9999 -9999 -9999 -9999 -9999 090 055 055 083 082 082 082 093 093 095 093 091 093 094 095 055 093 091 099 104 044 045 074 074 077 349 349 035 045 046 064 062 052 052 056 059 060 084 083 055 056 045 080 075 068 077 334 348 058 072 017 016 018 070
-9999 -9999 -9999 -9999 -9999 -9999 -9999 -9999 -9999 -9999 -9999 -9999 -9999 -9999 -9999 -9999 -9999 -9999 -9999 -9999 -9999 -9999 -9999 -9999 -9999 -9999 -9999 -9999 -9999 -9999 -9999 -9999 090 069 121 128 127 094 094 093 094 095 093 091 060 060 060 093 093 097 065 061 049 074 074 085 307 348 040 039 045 066 065 029 052 059 060 060 086 084 055 056 056 083 080 084 085 052 033 061 059 066 063 080 043 083
-9999 -9999 -9999 -9999 -9999 -9999 -9999 -9999 -9999 -9999 -9999 -9999 -9999 -9999 -9999 -9999 -9999 -9999 -9999 -9999 -9999 -9999 -9999 -9999 -9999 -9999 -9999 -9999 -9999 -9999 -9999 -9999 127 130 111 128 138 148 149 158 090 092 091 058 059 060 095 093 095 064 065 091 070 074 087 085 308 349 038 040 066 067 034 053 058 059 059 088 086 033 054 056 084 084 084 084 056 055 052 061 066 064 066 080 096 335
-9999 -9999 -9999 -9999 -9999 -9999 -9999 -9999 -9999 -9999 -9999 -9999 -9999 -9999 -9999 -9999 -9999 -9999 -9999 -9999 -9999 -9999 -9999 -9999 -9999 -9999 -9999 -9999 -9999 -9999 -9999 135 125 079 059 040 097 067 060 088 090 092 012 056 099 097 098 076 058 093 067 064 070 086 087 355 324 351 060 065 065 036 051 053 057 058 089 097 046 052 053 085 084 096 105 006 056 056 062 065 064 067 066 097 009 341
-9999 -9999 -9999 -9999 -9999 -9999 -9999 -9999 -9999 -9999 -9999 -9999 -9999 -9999 -9999 -9999 -9999 -9999 -9999 -9999 -9999 -9999 -9999 -9999 -9999 -9999 -9999 -9999 -9999 -9999 148 147 106 094 079 106 097 112 106 088 107 101 089 102 099 096 076 047 097 069 067 071 090 079 357 002 002 018 059 041 042 039 050 052 094 091 091 047 049 051 089 091 093 097 021 057 056 063 065 065 068 066 101 065 022 017
