Supplementary_Data/FB_x64/TestFarsite/SampleData/Outputs/test_SpreadDirection.asc
NCOLS 401
NROWS 476
XLLCORNER -5994.000000
YLLCORNER -7142.000000
CELLSIZE 30.000000
NODATA_VALUE -9999.0
[rows 152 to 189 of 476, columns 86 to 171 of 401]
287 318 321 265 273 315 316 090 093 122 134 098 005 100 120 175 173 292 339 335 051 042 107 245 288 013 337 341 064 043 028 071 062 078 105 112 084 087 084 029 015 080 042 074 040 072 310 024 032 307 313 316 345 350 004 004 037 002 350 069 308 336 075 262 300 337 073 074 082 089 175 176 113 142 061 193 037 213 226 236 234 221 196 210 134 305
288 266 292 270 273 292 086 090 093 146 140 157 280 030 025 337 348 280 279 314 082 094 001 277 296 331 028 028 050 061 085 066 064 086 079 075 084 087 064 060 039 088 117 141 131 310 022 024 023 313 318 292 328 319 009 020 340 348 014 048 351 351 041 347 334 333 073 121 119 102 359 058 063 320 051 026 041 044 258 235 185 220 159 135 055 272
264 256 241 239 238 242 118 140 143 150 176 176 267 349 339 348 352 019 281 352 078 044 012 302 356 356 029 029 028 100 059 108 109 082 080 075 100 087 068 063 093 077 084 198 134 304 017 020 276 014 266 284 303 319 012 004 005 081 285 302 329 326 056 321 332 059 105 150 158 143 355 067 057 356 031 048 043 111 263 172 253 245 164 151 -9999 272
264 251 242 223 225 183 183 142 001 030 048 073 309 328 320 349 033 031 011 098 119 102 353 306 301 000 021 021 092 104 114 080 076 080 114 108 098 125 118 108 096 082 083 353 302 337 011 014 273 348 261 278 319 317 001 010 006 082 286 300 304 314 303 321 325 060 049 079 091 343 092 077 046 026 109 066 117 110 111 217 239 184 184 145 071 -9999
278 241 214 281 289 349 356 356 000 347 015 012 306 318 315 322 345 072 051 098 119 087 265 301 301 000 087 099 094 113 077 080 107 113 118 121 125 128 131 131 148 138 101 097 300 013 012 069 249 336 317 279 317 316 326 051 102 105 291 293 313 358 301 316 058 098 076 061 098 344 092 014 054 093 125 128 133 110 086 294 292 284 301 284 -9999 -9999
270 200 210 268 291 346 038 336 320 342 026 345 242 287 262 244 164 072 077 117 013 013 020 265 301 021 081 073 014 106 111 102 110 118 123 135 158 160 144 146 183 120 097 253 290 288 015 051 352 271 311 313 309 319 065 098 132 143 293 292 317 339 309 319 054 092 140 035 034 089 349 022 049 096 139 133 133 127 -9999 255 265 284 266 284 326 -9999
109 220 256 277 290 354 061 302 300 291 302 359 034 304 322 248 324 048 050 334 010 063 078 265 263 020 081 099 073 124 137 137 136 120 140 015 106 139 097 101 048 174 162 335 259 286 002 002 351 005 290 319 310 318 061 071 343 102 272 291 317 324 320 010 016 045 047 041 015 002 002 036 022 045 015 037 259 292 -9999 -9999 255 257 266 274 289 -9999
139 222 248 279 274 211 298 301 297 005 064 349 349 040 275 324 324 319 048 064 037 075 068 265 202 133 133 136 146 137 148 136 137 123 087 116 113 133 110 057 108 353 288 334 031 288 345 345 348 351 289 320 332 328 061 072 077 266 265 290 300 310 331 007 007 029 045 055 013 011 092 064 113 078 041 029 094 310 -9999 -9999 -9999 230 242 273 289 -9999
-9999 -9999 -9999 199 197 206 303 296 287 015 015 291 054 065 246 308 319 314 046 043 086 121 353 059 202 202 136 141 165 168 181 173 134 132 119 114 128 150 343 101 353 358 302 357 344 299 347 347 350 350 292 311 346 352 064 081 065 022 237 264 305 307 324 018 021 025 086 014 015 085 104 122 107 086 061 126 -9999 314 065 -9999 -9999 009 209 263 283 047
-9999 -9999 331 347 351 294 267 265 273 260 359 354 046 070 077 341 339 335 048 031 080 356 000 067 032 032 029 051 048 054 178 179 176 136 138 139 140 323 163 327 001 001 359 336 318 299 298 352 352 351 355 324 349 087 086 083 072 046 355 256 307 307 318 022 022 074 072 044 022 084 096 164 170 147 135 109 268 286 042 033 304 297 009 283 281 301
337 342 344 351 351 338 341 240 253 260 256 -9999 131 131 028 263 350 326 035 033 063 030 095 075 035 032 032 053 057 060 075 108 168 183 141 142 317 313 327 327 004 004 358 345 317 024 288 342 343 350 355 351 100 087 086 026 070 092 240 291 281 311 314 025 063 079 071 062 122 118 114 081 050 121 130 045 045 277 002 017 265 308 012 357 280 306
305 301 340 342 109 336 331 242 239 193 193 195 131 268 087 262 288 304 029 035 044 042 099 315 325 082 054 055 058 059 069 116 097 181 181 307 322 348 309 325 004 004 355 348 319 010 290 347 349 349 018 083 118 136 039 054 075 345 073 245 283 314 031 032 045 113 115 137 131 122 119 124 117 131 337 040 030 277 265 298 048 339 351 351 278 333
299 299 337 337 021 322 346 060 232 219 182 183 356 354 310 309 337 316 017 064 043 054 070 332 090 087 064 104 127 122 111 128 125 292 346 347 317 031 287 291 346 334 352 352 341 345 292 286 341 345 008 083 339 004 064 052 060 017 074 292 286 301 024 029 099 130 137 159 168 171 174 129 092 339 344 024 053 053 260 327 330 359 001 001 278 308
291 294 272 301 348 003 013 359 359 359 074 277 282 352 309 293 261 320 065 115 102 068 072 053 090 111 138 121 127 129 131 102 000 296 273 301 309 025 281 282 268 297 337 333 326 322 339 286 349 350 347 079 359 026 079 054 103 070 073 290 272 298 034 046 111 161 128 342 109 321 023 071 094 335 346 350 346 356 356 330 033 027 340 001 002 354
280 268 236 241 253 272 359 359 359 000 074 277 279 266 289 235 260 256 166 117 117 117 084 055 094 099 093 111 142 131 130 005 004 058 272 300 310 016 260 261 268 281 328 302 317 297 009 286 290 337 063 038 092 112 085 118 091 110 140 261 251 274 023 036 031 065 036 106 298 354 354 056 319 359 359 007 320 327 305 317 024 036 319 350 027 025
257 243 244 203 234 273 336 335 010 060 346 347 246 267 306 344 260 174 158 158 095 120 137 158 166 096 107 117 129 139 300 355 352 020 252 303 307 023 025 265 263 264 265 286 268 286 266 010 302 330 063 061 092 129 357 091 098 106 156 193 216 227 263 005 009 068 059 066 265 352 351 019 328 023 061 044 332 333 316 272 003 003 302 290 007 022
243 261 257 322 273 280 283 010 009 062 347 346 315 267 302 350 350 074 037 097 084 058 068 058 039 181 117 119 024 021 298 327 347 354 328 303 304 047 103 247 264 263 265 265 266 264 266 337 349 355 061 094 122 077 098 098 098 343 326 019 347 001 212 349 048 067 051 068 001 269 298 352 091 051 032 112 335 335 351 356 304 353 353 294 323 344
260 236 230 250 286 286 282 011 011 048 304 325 039 284 302 288 018 050 099 097 104 110 083 077 067 060 071 047 034 027 357 000 016 114 320 323 023 053 109 245 250 261 265 265 266 265 266 262 285 024 059 071 004 093 125 132 123 352 335 051 328 335 345 279 027 030 036 013 000 268 312 336 091 124 106 317 315 331 001 001 305 353 353 342 000 000
260 196 219 243 257 286 289 316 335 026 003 003 101 288 291 278 032 081 099 101 110 135 086 077 066 069 072 039 035 034 060 036 109 283 298 304 359 081 122 241 237 232 226 226 226 225 215 257 280 039 060 071 357 098 137 154 303 335 339 037 327 025 019 298 030 027 077 050 033 329 339 080 115 147 317 306 315 325 003 003 302 011 010 305 033 089
311 264 298 246 253 259 263 321 317 031 031 073 111 215 217 278 071 133 134 128 146 170 155 146 118 080 086 050 103 098 070 118 118 252 313 304 328 081 043 034 242 235 218 222 167 010 015 305 235 262 036 070 064 103 344 352 306 013 295 313 326 001 006 321 028 044 077 015 038 342 341 076 080 027 320 311 316 323 012 014 311 011 013 301 049 089
308 293 308 328 277 275 263 274 288 029 033 058 305 011 011 218 133 137 127 123 119 087 183 182 121 127 127 121 108 126 124 114 334 329 351 328 042 079 108 086 184 184 155 253 326 357 355 333 325 252 335 017 033 340 342 001 329 334 308 317 330 329 028 314 312 018 032 040 041 338 345 077 342 347 318 314 311 338 005 005 341 004 004 292 028 022
308 007 311 329 329 281 274 274 348 347 054 056 304 336 029 031 012 006 111 125 136 115 222 178 178 128 124 127 112 106 334 332 333 304 332 332 045 072 339 084 033 032 296 305 267 337 320 289 280 279 335 344 344 322 270 090 339 351 041 325 292 328 010 312 317 018 025 040 056 338 090 076 051 041 315 313 305 318 355 349 012 014 062 283 274 012
307 008 313 315 330 304 286 289 294 306 061 064 020 325 076 036 120 109 125 146 359 090 037 035 165 170 125 124 107 110 293 290 319 305 308 303 052 034 038 035 036 323 298 265 267 246 240 280 284 298 286 322 309 211 212 124 017 020 016 356 296 326 330 331 329 011 016 036 049 002 090 328 051 304 314 313 304 315 320 317 032 023 047 258 272 268
304 303 293 317 332 331 306 289 294 308 044 042 033 347 083 118 013 072 099 116 116 085 061 042 098 192 184 167 157 101 280 288 311 300 300 303 035 034 026 028 085 242 258 263 217 239 234 257 262 272 255 335 354 188 188 300 359 359 028 025 300 316 327 331 340 000 000 033 049 079 098 339 042 303 302 305 305 305 250 313 328 037 061 270 268 268
278 297 299 268 327 329 286 271 294 296 021 044 051 052 108 118 127 120 101 105 165 152 136 131 101 058 100 100 166 266 280 284 288 321 303 303 011 076 047 023 086 076 243 198 195 211 212 246 261 198 317 329 333 000 032 049 305 025 028 031 067 317 337 339 339 354 354 029 032 064 293 351 033 042 291 319 304 315 030 351 012 039 051 302 305 010
278 283 261 268 260 273 239 276 288 296 354 071 051 052 121 152 142 158 140 100 100 176 183 183 176 130 101 100 006 314 276 272 286 324 303 302 016 076 119 113 117 093 098 197 202 202 196 264 271 286 285 241 251 005 005 027 344 355 025 025 081 247 298 334 330 003 003 017 023 087 296 338 022 338 339 324 325 352 036 015 043 026 063 061 301 339
230 218 248 037 258 268 343 282 296 297 354 073 071 115 112 153 165 140 152 101 100 048 043 063 193 144 005 006 007 283 270 272 283 285 247 244 118 119 119 135 063 072 291 332 329 010 264 229 228 288 217 232 243 271 292 025 074 014 019 022 068 325 356 297 321 010 008 004 063 076 320 335 337 008 337 325 352 352 027 027 043 017 064 062 296 298
229 182 186 272 026 243 283 252 233 231 059 118 122 116 115 043 096 001 073 093 345 017 054 055 125 341 007 007 097 269 255 268 283 283 337 174 174 173 149 162 099 100 309 279 308 008 008 229 229 256 225 215 189 257 356 056 300 102 012 013 018 353 312 036 316 329 000 000 062 076 279 324 320 005 319 312 358 000 021 021 032 032 062 067 295 296
282 347 347 271 325 026 283 252 215 218 178 168 132 105 111 099 330 079 065 072 048 131 076 094 052 016 011 113 097 100 254 202 192 192 178 178 309 023 034 082 100 309 320 321 303 009 315 001 262 256 239 309 310 307 333 358 300 349 314 015 013 037 309 037 329 328 010 010 061 080 279 290 314 321 312 312 357 357 028 025 040 032 037 038 282 299
277 287 310 024 249 345 312 347 215 215 159 126 109 115 113 067 357 080 085 075 062 141 126 094 067 129 141 153 176 176 206 205 176 164 333 348 315 348 342 077 014 014 322 321 313 349 289 008 056 245 263 273 262 240 337 355 355 023 312 307 030 034 309 031 268 314 025 023 053 076 304 293 306 311 308 314 351 351 025 028 040 040 056 090 280 278
272 300 308 025 056 276 302 344 329 213 150 161 138 147 112 070 127 134 134 136 151 152 160 150 131 109 101 087 060 -9999 -9999 208 286 346 348 351 352 003 086 319 009 009 321 321 359 359 287 013 030 315 308 214 211 228 246 000 000 016 039 311 327 034 304 006 020 005 025 055 068 076 274 295 300 311 308 319 346 346 025 051 041 058 092 050 280 278
353 278 305 004 004 265 303 322 069 055 074 111 347 024 123 129 135 134 137 135 169 151 147 201 194 103 105 125 -9999 -9999 -9999 237 277 253 296 302 033 060 086 351 009 314 308 320 029 026 057 354 354 317 308 283 289 298 261 259 352 350 005 335 353 046 306 348 031 032 024 049 060 078 272 273 305 313 314 351 346 346 023 049 051 078 042 044 050 266
346 278 298 333 325 338 303 333 080 069 068 089 166 131 143 166 165 136 128 101 108 107 144 209 176 336 091 046 038 028 -9999 317 278 251 294 295 016 033 357 009 009 317 307 323 043 042 046 271 315 314 256 274 294 015 273 270 274 355 352 354 019 022 359 359 037 038 047 049 083 075 310 276 278 314 304 345 345 034 034 049 071 078 042 032 068 266
290 000 312 320 324 338 333 327 080 069 120 083 068 199 146 148 166 171 113 101 108 107 267 280 280 279 110 323 030 026 028 283 315 345 256 295 354 349 356 009 010 010 341 323 048 045 083 271 263 312 259 292 298 305 042 239 275 266 359 355 357 018 029 027 037 037 042 085 092 094 298 290 278 276 304 350 350 021 021 063 067 016 040 031 068 270
270 310 320 323 324 355 327 084 080 120 120 120 115 122 131 151 206 156 141 147 145 009 342 046 058 003 313 314 019 025 058 283 324 278 330 291 297 317 347 032 030 323 354 358 052 068 104 261 263 260 300 286 300 298 048 317 267 292 358 359 359 022 028 031 043 075 086 085 094 094 298 290 352 276 306 349 349 016 016 058 056 016 049 065 068 270
264 304 275 324 314 008 089 085 090 111 109 109 097 164 159 201 191 184 022 037 319 315 337 314 039 092 316 344 350 339 053 295 345 278 283 274 304 305 317 022 032 322 002 055 056 067 000 296 220 240 274 286 284 285 011 332 290 290 262 356 004 022 025 025 049 076 085 103 109 014 014 283 275 340 305 000 000 000 000 049 060 022 052 049 096 097
257 213 227 246 228 114 149 150 124 124 109 111 097 026 031 288 296 012 015 015 005 270 287 279 303 092 346 347 343 351 282 279 280 335 226 253 258 268 295 359 359 339 024 039 057 024 027 311 016 338 244 242 283 283 359 359 283 285 047 006 003 021 021 068 074 077 097 106 026 026 080 273 275 332 299 298 354 354 051 055 032 051 052 098 350 000
343 350 102 227 222 150 155 144 124 126 123 122 083 049 056 042 299 023 023 090 051 267 292 295 307 296 004 004 273 324 280 280 280 012 017 261 281 268 288 281 339 338 027 026 014 007 087 318 001 334 020 244 241 274 010 007 067 282 274 275 010 018 020 065 074 097 097 001 026 026 078 273 275 288 299 298 354 354 051 054 054 054 102 098 343 341
