Supplementary_Data/FB_x64/TestFarsite/SampleData/Outputs/test_ArrivalTime.asc
NCOLS 401
NROWS 476
XLLCORNER -5994.000000
YLLCORNER -7142.000000
CELLSIZE 30.000000
NODATA_VALUE -9999.0
[rows 280 to 307 of 476, columns 124 to 185 of 401]
00463.336 00475.640 00490.541 00528.800 00584.603 00621.408 00670.958 01459.951 01512.812 01549.460 01634.313 01685.666 01702.754 01728.239 01758.362 01787.814 01821.139 01851.101 01889.869 01928.916 01955.595 01970.847 01973.509 01971.681 02022.540 02112.620 02951.688 02997.371 02988.430 03026.280 03061.624 03127.968 03155.289 03152.715 03168.714 03201.416 03218.790 03253.100 03320.338 03379.201 03405.973 03461.083 03463.470 03454.324 03465.711 03524.252 03573.674 03593.747 04342.418 04374.406 04365.371 04383.424 04401.975 04438.501 04456.670 04478.390 04502.153 04527.228 04553.025 04572.507 04579.359 04606.807
00455.759 00477.112 00510.921 00535.071 00550.479 00584.615 00690.084 01512.873 01558.730 01590.387 01623.789 01673.364 01717.995 01740.931 01741.593 01777.380 01811.156 01847.513 01873.298 01912.960 01924.873 01936.814 01945.603 01963.436 02027.275 02124.619 02965.041 03066.931 03051.159 03055.408 03084.061 03124.335 03137.577 03152.997 03167.975 03189.574 03223.522 03282.453 03355.068 03409.210 03480.478 03581.481 03587.143 03558.080 03535.268 03552.578 03595.633 04361.219 04383.276 04410.343 04416.779 04421.168 04432.740 04449.771 04471.611 04519.852 04552.793 04561.696 04580.616 04592.853 04603.714 04639.919
00433.979 00474.538 00511.007 00533.953 00562.713 00640.622 01468.374 01498.539 01528.334 01562.975 01611.943 01678.139 01711.105 01726.330 01743.553 01754.740 01792.292 01833.618 01870.254 01909.470 01923.148 01937.450 01974.109 02039.001 02129.326 02947.161 03031.993 03113.419 03102.682 03084.841 03105.948 03124.618 03141.624 03160.207 03175.412 03193.708 03254.881 03325.052 03402.938 03487.272 04332.514 04421.087 04443.487 04417.552 04361.438 03595.418 04357.174 04387.531 04405.405 04427.680 04456.034 04461.126 04461.385 04476.033 04495.153 04518.818 04554.726 04580.386 04596.924 04612.944 04629.105 04645.481
00426.731 00468.390 00501.616 00533.884 00575.313 00634.991 00683.067 01446.881 01492.395 01546.009 01618.982 01648.224 01683.172 01741.853 01730.247 01736.736 01779.040 01823.713 01873.145 01913.602 01935.664 01952.959 01992.546 02070.842 02904.858 02970.204 03037.918 03095.446 03122.492 03116.615 03126.568 03139.481 03155.153 03171.280 03186.828 03236.338 03302.098 03379.360 03460.667 03578.133 04388.392 04440.083 04493.008 04504.676 04469.349 04410.648 04413.228 04422.876 04442.584 04455.605 04473.903 04507.505 04501.388 04513.497 04528.668 04552.369 04592.972 04642.297 04634.619 04630.565 04647.059 04663.502
00420.099 00452.419 00485.863 00523.639 00564.818 00593.252 00626.356 00669.307 01465.553 01555.544 01590.609 01619.982 01680.341 01700.910 01698.234 01726.347 01766.108 01821.049 01879.508 01942.558 01994.439 02002.316 02029.230 02112.815 02144.256 02955.724 03023.748 03093.533 03134.057 03151.264 03150.049 03160.978 03172.723 03187.629 03221.893 03287.732 03345.490 03420.435 03508.010 03523.645 04324.032 04404.667 04482.477 04477.284 04483.618 04502.228 04495.183 04503.848 04524.391 04510.719 04513.173 04520.302 04555.500 04577.337 04575.779 04579.399 04603.153 04624.936 04666.439 04687.379 04673.566 04688.174
00405.490 00439.252 00476.205 00513.838 00539.710 00556.471 00577.053 00653.949 01481.886 01528.625 01561.759 01618.945 01665.399 01673.878 01689.112 01719.633 01770.909 01827.911 01889.310 01954.176 01992.907 02015.593 02031.824 02041.925 02110.870 02942.669 03022.492 03099.242 03150.125 03177.555 03208.625 03196.378 03202.748 03235.505 03277.883 03309.276 03354.587 03433.371 03455.875 03483.143 03561.252 04404.889 04448.590 04464.466 04478.721 04505.006 04536.131 04563.707 04582.082 04555.494 04555.698 04561.826 04569.354 04579.843 04600.492 04614.206 04622.076 04638.931 04679.363 04749.331 04716.705 04720.081
00395.713 00429.855 00467.016 00504.105 00520.284 00530.999 00591.281 00670.253 00716.216 01500.182 01565.640 01620.692 01649.891 01674.290 01693.202 01725.753 01784.363 01865.533 01893.011 01936.135 01979.089 01993.840 01993.635 02013.137 02104.148 02936.536 03028.932 03114.843 03172.948 03234.115 03268.747 03299.742 03306.124 03349.716 03374.395 03387.922 03408.868 03429.527 03458.578 03485.423 03572.299 04393.386 04426.892 04466.751 04492.032 04517.307 04546.304 04572.175 04586.430 04591.976 04591.545 04591.406 04598.143 04607.773 04623.632 04636.431 04645.163 04661.079 04685.766 04714.852 04720.674 04729.608
00386.540 00425.644 00464.709 00500.874 00519.304 00561.778 00626.924 00687.553 01449.506 01516.195 01584.361 01635.104 01665.177 01687.126 01713.557 01760.376 01797.492 01832.482 01872.062 01915.159 01946.953 01952.385 01958.667 02020.930 02115.434 02956.053 03046.405 03135.742 03176.460 03202.407 03235.681 03261.133 03288.334 03320.319 03365.973 03389.876 03417.373 03438.914 03463.237 03516.356 04362.668 04426.517 04468.525 04496.662 04511.475 04541.565 04570.142 04584.798 04597.530 04612.900 04629.292 04624.344 04626.906 04635.643 04648.603 04665.014 04670.819 04679.155 04691.628 04709.829 04722.539 04772.186
00396.738 00434.418 00487.369 00510.611 00542.576 00596.683 00688.010 01477.130 01492.731 01542.396 01620.578 01690.654 01707.672 01707.888 01724.610 01748.528 01775.638 01814.653 01862.090 01903.704 01922.667 01937.196 01971.257 02044.013 02150.946 02984.221 03078.079 03108.290 03138.114 03171.102 03207.135 03225.357 03255.802 03302.190 03355.903 03411.208 03503.601 03545.575 03588.744 04355.551 04434.811 04476.721 04534.109 04549.224 04567.121 04588.282 04596.351 04605.202 04616.916 04628.051 04641.858 04709.619 04787.483 04732.597 04684.584 04683.036 04698.351 04702.580 04711.801 04724.682 04740.157 04760.739
00430.165 00481.409 00508.431 00521.821 00578.258 00653.018 01466.754 01530.543 01600.665 01628.092 01665.618 01730.080 01762.733 01765.895 01777.958 01774.710 01799.783 01830.492 01860.564 01910.361 01932.252 01961.793 02029.605 02108.732 02948.321 03001.119 03026.898 03062.123 03105.218 03144.101 03183.011 03215.468 03256.411 03299.516 03345.018 03412.679 03499.748 04363.369 04441.189 04480.526 04518.466 04564.051 04601.865 04656.161 04616.761 04619.054 04624.433 04643.964 04681.586 04702.165 04733.320 04780.140 04780.908 04775.613 04745.117 04714.055 04717.835 04732.037 04733.297 04745.532 04760.164 04780.553
00440.692 00500.925 00522.143 00532.583 00581.615 00659.829 01462.470 01517.879 01577.574 01646.008 01706.852 01762.751 01830.073 01806.843 01851.591 01860.116 01854.183 01883.332 01922.559 01964.007 02009.609 02061.590 02092.371 02134.976 02964.875 02987.668 03005.976 03048.349 03079.953 03118.101 03180.113 03223.689 03270.112 03314.936 03381.424 03463.528 03586.339 04423.132 04512.599 04593.557 04627.398 04657.422 04695.485 04712.269 04674.921 04652.901 04656.964 04664.260 04678.322 04707.740 04747.670 04751.858 04770.993 04789.197 04806.183 04768.576 04746.432 04756.727 04772.434 04774.057 04788.573 04804.686
00377.078 00420.275 00449.014 00527.298 00644.386 01491.074 01512.700 01555.256 01592.139 01655.713 01719.282 01778.539 01837.533 01876.906 01876.293 01900.959 01966.499 02000.025 02031.046 02078.282 02138.989 02920.147 02951.714 02967.740 02988.853 03008.706 03028.498 03051.835 03084.522 03134.446 03193.464 03252.595 03315.763 03377.128 03446.298 03548.023 04392.987 04482.680 04569.021 04636.952 04711.279 04769.955 04815.909 04781.904 04739.508 04716.869 04700.419 04702.311 04710.081 04722.833 04736.786 04761.855 04779.511 04798.670 04816.474 04801.383 04786.386 04787.455 04801.288 04806.575 04820.176 04838.476
00332.393 00364.981 00416.906 00482.313 00552.814 00642.096 01533.865 01561.430 01610.189 01691.486 01744.858 01802.081 01914.713 01969.334 01978.474 01979.031 02052.951 02089.863 02913.363 02892.572 02932.342 02977.109 03036.721 03047.285 03041.613 03036.178 03056.025 03078.189 03108.772 03154.839 03221.406 03290.396 03367.795 03447.589 03561.733 04387.580 04464.699 04550.317 04617.307 04664.191 04701.760 04737.150 04773.542 04827.150 04853.061 04816.113 04779.654 04758.798 04744.549 04754.924 04768.276 04828.299 04814.046 04816.070 04839.128 04837.467 04827.817 04825.673 04833.920 04845.468 04893.434 04924.804
00327.833 00371.086 00407.378 00451.376 00499.214 00565.122 01486.233 01627.825 01693.032 01730.149 01743.368 01780.658 01822.141 01864.994 01927.499 01976.372 01996.948 02005.937 02135.511 02890.052 02911.457 02994.385 03090.257 03067.650 03124.816 03136.876 03133.737 03148.187 03149.080 03184.380 03257.205 03334.089 03416.563 03511.127 04367.128 04415.413 04475.367 04542.164 04598.548 04635.775 04669.670 04705.436 04750.522 04808.647 04847.925 04863.960 04825.619 04824.817 04829.291 04801.623 04801.331 04818.386 04842.957 04868.887 04913.132 04922.700 04882.009 04870.895 04873.607 04882.682 04940.351 -9999.0
00336.974 00374.451 00398.130 00447.744 00502.707 00556.401 00701.860 01517.611 01587.223 01656.073 01702.038 01721.887 01777.813 01823.215 01888.110 01934.411 01958.429 01991.626 02031.145 02092.549 02917.903 03079.986 03008.761 03002.224 03048.231 03110.401 03154.593 03176.988 03203.887 03255.858 03310.494 03380.310 03431.531 03502.353 03593.318 04384.976 04452.926 04521.015 04571.453 04604.269 04638.727 04683.408 04735.195 04795.735 04838.794 04883.474 04930.323 04959.531 04932.277 04894.318 04894.710 04905.758 04904.804 04896.891 04930.643 -9999.0 05020.686 04955.499 04926.868 04945.110 -9999.0 -9999.0
00358.422 00386.903 00407.513 00458.985 00513.187 00565.064 00629.972 01448.858 01532.885 01612.174 01662.668 01716.450 01766.579 01819.706 01876.350 01897.278 01925.386 01959.025 02007.404 02097.440 02931.410 02963.975 02975.593 02988.475 03016.185 03046.212 03091.777 03140.126 03210.059 03261.160 03300.850 03362.477 03413.981 03489.700 03504.525 04338.879 04444.005 04502.167 04530.682 04570.792 04616.261 04667.988 04723.316 04785.066 04844.453 04940.852 -9999.0 -9999.0 -9999.0 -9999.0 -9999.0 -9999.0 -9999.0 -9999.0 -9999.0 -9999.0 -9999.0 -9999.0 -9999.0 -9999.0 -9999.0 -9999.0
00362.765 00395.697 00423.029 00477.079 00523.060 00566.595 00626.549 01443.321 01531.657 01595.545 01656.516 01711.613 01767.817 01813.216 01844.973 01861.674 01890.119 01949.057 02018.883 02110.613 02897.624 02894.202 02927.816 02962.545 03002.224 03037.471 03069.860 03132.467 03238.938 03293.758 03306.000 03327.508 03441.774 03429.078 03476.224 04362.896 04474.786 04448.040 04490.161 04548.600 04601.880 04655.031 04711.203 04801.589 04877.878 04923.377 05025.092 -9999.0 -9999.0 -9999.0 -9999.0 -9999.0 -9999.0 -9999.0 -9999.0 -9999.0 -9999.0 -9999.0 -9999.0 -9999.0 -9999.0 -9999.0
00353.785 00389.314 00428.423 00471.285 00514.989 00566.450 00632.433 01448.406 01531.352 01591.974 01658.168 01716.563 01750.284 01798.166 01833.589 01846.578 01899.812 01967.733 02041.061 02116.346 02104.327 02099.477 02137.405 02903.102 02964.279 03012.177 03063.425 03111.997 03172.181 03218.726 03235.878 03296.453 03369.564 03382.571 03461.051 04458.375 04403.525 04412.924 04492.348 04558.833 04623.628 04703.616 04825.742 04843.642 04846.258 04892.068 05037.498 -9999.0 -9999.0 -9999.0 -9999.0 -9999.0 -9999.0 -9999.0 -9999.0 -9999.0 -9999.0 -9999.0 -9999.0 -9999.0 -9999.0 -9999.0
00345.852 00383.774 00421.835 00469.323 00519.728 00570.937 00633.592 01443.863 01531.552 01599.728 01661.270 01693.492 01743.631 01791.719 01835.538 01864.184 01927.084 01979.095 02024.231 02045.813 02036.197 02039.257 02075.724 02124.324 02909.290 02980.422 03032.228 03074.451 03123.212 03167.324 03208.469 03252.990 03300.100 03367.264 03566.975 03556.303 03576.950 04385.151 04500.706 04606.920 04911.832 04759.309 04741.272 04752.426 04838.908 04912.653 04974.362 -9999.0 -9999.0 -9999.0 -9999.0 -9999.0 -9999.0 -9999.0 -9999.0 -9999.0 -9999.0 -9999.0 -9999.0 -9999.0 -9999.0 -9999.0
00340.731 00382.293 00424.787 00473.733 00523.069 00570.924 00634.506 01450.183 01538.610 01595.600 01637.200 01694.341 01745.176 01803.983 01845.840 01875.286 01917.487 01964.725 02012.964 01996.109 01986.562 01999.801 02026.007 02071.818 02137.772 02948.022 02986.537 03035.881 03088.253 03138.663 03183.029 03230.990 03289.710 03348.682 03394.572 03450.920 03506.309 04350.947 04437.095 04572.046 04671.666 04643.971 04662.593 04692.671 04789.318 04828.198 04869.362 04937.196 -9999.0 04972.142 04983.714 -9999.0 -9999.0 -9999.0 -9999.0 -9999.0 -9999.0 -9999.0 -9999.0 -9999.0 -9999.0 -9999.0
00343.528 00384.844 00428.740 00478.300 00525.494 00572.344 00674.980 01465.571 01524.646 01578.261 01641.016 01699.873 01749.017 01788.164 01819.285 01858.065 01904.131 01952.475 01982.533 01949.603 01939.495 01965.821 01994.490 02031.921 02102.148 02158.720 02948.837 03001.245 03055.553 03111.254 03166.594 03225.635 03274.086 03316.959 03363.685 03415.428 03486.743 04325.526 04429.529 04495.789 04562.315 04591.810 04636.902 04678.417 04722.702 04759.023 04802.669 04899.573 04907.257 04890.600 04915.870 -9999.0 -9999.0 -9999.0 -9999.0 -9999.0 -9999.0 -9999.0 -9999.0 -9999.0 -9999.0 -9999.0
00358.854 00415.889 00453.389 00500.883 00547.889 00584.429 00636.784 00705.171 01515.204 01581.815 01646.049 01692.673 01731.573 01769.152 01803.410 01845.659 01894.877 01948.499 01938.468 01902.122 01908.805 01935.202 01966.832 02011.521 02059.279 02107.864 02893.634 02968.436 03024.349 03098.285 03163.172 03207.942 03246.429 03287.462 03340.418 03408.149 03476.247 03593.487 04400.377 04456.064 04507.485 04566.598 04611.803 04657.874 04704.352 04747.743 04807.191 04872.190 04851.259 04858.434 04904.850 -9999.0 -9999.0 -9999.0 -9999.0 -9999.0 -9999.0 -9999.0 -9999.0 -9999.0 -9999.0 -9999.0
00369.833 00408.594 00454.357 00503.055 00533.621 00562.653 00609.146 00705.019 01522.332 01584.887 01628.692 01678.085 01731.895 01764.779 01788.743 01839.664 01892.152 01909.645 01896.218 01880.054 01891.474 01904.195 01947.174 01988.616 02017.073 02063.347 02127.763 02929.010 03017.500 03099.778 03143.220 03179.069 03217.600 03271.156 03334.391 03402.850 03492.605 03544.100 04350.605 04418.883 04477.256 04536.545 04590.091 04637.723 04684.520 04739.516 04817.502 04819.276 04805.886 04849.059 04913.308 -9999.0 -9999.0 -9999.0 -9999.0 -9999.0 -9999.0 -9999.0 -9999.0 -9999.0 -9999.0 -9999.0
00371.773 00407.420 00454.343 00483.113 00524.240 00561.438 00623.686 00717.384 01520.158 01567.498 01618.734 01674.982 01715.796 01753.335 01788.050 01835.038 01872.107 01868.871 01866.398 01868.775 01884.006 01894.085 01926.391 01953.718 01987.400 02026.081 02095.140 02930.138 03018.631 03066.202 03110.492 03150.087 03207.017 03266.992 03334.195 03412.739 03450.458 03487.590 03570.886 04385.385 04446.481 04508.596 04569.146 04618.030 04681.931 04735.092 04769.982 04781.965 04798.873 04866.298 04933.651 05024.572 -9999.0 -9999.0 -9999.0 -9999.0 -9999.0 -9999.0 -9999.0 -9999.0 -9999.0 -9999.0
00383.102 00432.269 00443.837 00484.549 00526.407 00575.171 00653.885 00708.075 01501.714 01564.934 01619.185 01657.443 01700.172 01740.107 01780.432 01824.222 01828.853 01831.959 01834.619 01842.888 01856.317 01871.982 01896.705 01924.713 01957.038 02014.909 02102.373 02947.463 02990.480 03031.706 03070.498 03146.934 03207.113 03268.591 03348.159 03377.669 03406.701 03453.214 03519.695 04335.508 04418.106 04480.522 04555.048 04621.279 04666.008 04708.164 04741.694 04760.096 04807.197 04869.577 04917.832 04995.615 -9999.0 -9999.0 -9999.0 -9999.0 -9999.0 -9999.0 -9999.0 -9999.0 -9999.0 -9999.0
00427.158 00421.964 00441.323 00483.861 00577.813 00625.954 00667.914 00709.128 01531.546 01563.754 01597.830 01639.898 01685.701 01725.950 01766.614 01782.303 01789.157 01792.190 01795.634 01804.937 01819.566 01840.124 01867.943 01896.437 01960.043 02024.140 02115.003 02154.954 02972.117 03020.218 03077.824 03153.563 03224.231 03282.839 03305.236 03334.470 03377.189 03424.335 03477.446 03570.889 04391.341 04478.010 04550.003 04599.667 04642.568 04675.665 04708.757 04752.394 04791.503 04846.696 04909.544 05016.912 -9999.0 -9999.0 -9999.0 -9999.0 -9999.0 -9999.0 -9999.0 -9999.0 -9999.0 -9999.0
00407.313 00437.047 00473.728 00514.817 00552.642 00592.373 00664.680 01477.322 01502.162 01536.905 01576.590 01620.862 01669.176 01712.668 01743.518 01742.930 01749.636 01752.565 01764.298 01771.508 01784.471 01806.798 01842.293 01909.437 01978.689 02043.135 02056.550 02130.698 02954.974 03023.983 03105.498 03166.447 03230.951 03236.637 03265.516 03300.732 03347.725 03398.979 03450.977 03548.649 04403.699 04461.588 04520.678 04578.296 04611.011 04644.360 04686.017 04723.350 04767.938 04833.179 04900.696 05011.263 -9999.0 -9999.0 -9999.0 -9999.0 -9999.0 -9999.0 -9999.0 -9999.0 -9999.0 -9999.0
00399.652 00423.826 00458.165 00496.240 00539.026 00585.353 00636.933 00675.976 01453.073 01513.214 01554.788 01600.716 01687.398 01705.287 01703.932 01706.650 01711.690 01717.943 01747.667 01761.211 01778.903 01803.851 01864.348 01918.572 01968.122 01994.397 02031.253 02113.347 02940.843 03023.685 03099.394 03162.453 03175.663 03203.140 03234.884 03275.982 03320.437 03374.826 03455.528 03546.675 04361.181 04430.318 04494.209 04564.200 04593.774 04618.603 04655.184 04693.661 04756.346 04821.983 04886.686 04951.996 -9999.0 -9999.0 -9999.0 -9999.0 -9999.0 -9999.0 -9999.0 -9999.0 -9999.0 -9999.0
