Supplementary_Data/FB_x64/TestFarsite/SampleData/Outputs/test_ArrivalTime.asc
NCOLS 401
NROWS 476
XLLCORNER -5994.000000
YLLCORNER -7142.000000
CELLSIZE 30.000000
NODATA_VALUE -9999.0
[rows 224 to 251 of 476, columns 0 to 61 of 401]
-9999.0 -9999.0 -9999.0 -9999.0 05038.218 05035.905 -9999.0 -9999.0 -9999.0 -9999.0 -9999.0 -9999.0 -9999.0 -9999.0 -9999.0 -9999.0 -9999.0 -9999.0 -9999.0 -9999.0 -9999.0 -9999.0 -9999.0 -9999.0 -9999.0 -9999.0 -9999.0 -9999.0 -9999.0 04941.296 04870.379 04749.286 04711.645 04743.611 04685.984 04538.864 04733.412 04576.863 04477.089 04421.590 04371.593 04338.720 03579.834 03556.584 03546.552 03537.186 03522.725 03510.747 03498.618 03487.077 03468.679 03444.928 03423.681 03405.660 03373.853 03447.849 03498.923 03545.159 03585.539 03456.247 03366.605 03373.510
-9999.0 -9999.0 -9999.0 -9999.0 -9999.0 05030.258 -9999.0 -9999.0 -9999.0 -9999.0 -9999.0 -9999.0 -9999.0 -9999.0 -9999.0 -9999.0 -9999.0 -9999.0 -9999.0 -9999.0 -9999.0 -9999.0 -9999.0 -9999.0 -9999.0 -9999.0 -9999.0 04968.712 04945.911 04889.669 04849.677 04816.893 04781.507 04718.469 04584.283 04524.220 04633.317 04654.052 04521.325 04603.955 04441.689 04367.364 04342.689 03579.714 03570.085 03571.247 03585.483 03528.381 03517.432 03507.388 03490.184 03470.712 03442.471 03408.773 03367.945 03417.881 03435.110 03464.288 03490.833 03530.223 03556.518 03562.354
-9999.0 -9999.0 -9999.0 -9999.0 -9999.0 -9999.0 -9999.0 -9999.0 -9999.0 -9999.0 -9999.0 -9999.0 -9999.0 -9999.0 -9999.0 -9999.0 -9999.0 -9999.0 -9999.0 -9999.0 -9999.0 -9999.0 -9999.0 04936.913 05034.133 04970.832 04858.952 04755.697 04782.980 04760.341 04776.542 04780.789 04619.356 04546.465 04510.194 04559.190 04557.466 04528.682 04516.401 04523.798 04539.537 04576.866 04412.127 04378.979 04323.976 04331.252 04346.641 03558.308 03544.645 03550.194 03587.989 03574.367 03545.822 03438.729 03352.708 03361.218 03385.013 03414.123 03438.350 03462.072 03554.834 04382.110
-9999.0 -9999.0 05032.652 -9999.0 -9999.0 05039.323 -9999.0 -9999.0 -9999.0 -9999.0 -9999.0 -9999.0 -9999.0 -9999.0 -9999.0 -9999.0 -9999.0 -9999.0 -9999.0 -9999.0 -9999.0 -9999.0 04939.854 04840.501 04978.467 04845.006 04732.975 04653.088 04654.537 04597.321 04647.947 04658.566 04635.462 04570.622 04511.387 04499.964 04540.368 04522.572 04510.860 04524.703 04567.888 04607.002 04597.217 04630.570 04472.328 04374.372 04428.328 04404.773 04324.492 03585.999 04397.919 04361.793 03560.391 03446.729 03349.403 03342.211 03341.080 03368.212 03390.857 03437.030 03535.898 03577.660
-9999.0 -9999.0 05037.059 -9999.0 05038.272 05035.163 05036.435 -9999.0 -9999.0 -9999.0 -9999.0 -9999.0 -9999.0 -9999.0 -9999.0 -9999.0 -9999.0 -9999.0 -9999.0 -9999.0 -9999.0 -9999.0 04908.877 04891.367 04988.368 04783.540 04657.147 04588.910 04585.551 04555.099 04586.358 04572.434 04516.342 04547.678 04523.333 04523.117 04549.911 04522.927 04506.599 04538.611 04558.629 04599.394 04591.692 04603.195 04675.333 04610.267 04614.317 04542.883 04521.486 04435.335 04404.108 03579.043 03490.166 03415.639 03337.163 03309.697 03301.031 03324.406 03346.501 03430.494 03522.909 03464.233
-9999.0 -9999.0 -9999.0 -9999.0 05036.647 05030.053 -9999.0 -9999.0 -9999.0 -9999.0 -9999.0 -9999.0 -9999.0 -9999.0 -9999.0 -9999.0 -9999.0 -9999.0 -9999.0 -9999.0 -9999.0 04990.423 04890.816 04979.806 04988.273 04753.676 04613.941 04530.281 04569.203 04625.677 04595.264 04466.383 04461.814 04562.369 04568.902 04565.831 04603.147 04552.129 04441.501 04616.257 04620.735 04586.066 04593.501 04610.723 04685.410 04667.508 04578.279 04498.751 04461.278 04540.164 04426.345 03586.560 03446.658 03357.855 03309.162 03279.780 03263.339 03284.898 03333.955 03455.058 03407.053 03381.829
-9999.0 -9999.0 -9999.0 -9999.0 -9999.0 05028.245 05035.124 -9999.0 -9999.0 -9999.0 -9999.0 -9999.0 -9999.0 -9999.0 -9999.0 -9999.0 -9999.0 -9999.0 -9999.0 -9999.0 05035.981 04934.037 04967.656 04927.581 04919.869 04827.010 04569.191 04580.795 04661.297 04574.373 04544.770 04561.652 04602.437 04561.615 04531.606 04556.743 04503.946 04538.943 04563.570 04572.642 04577.401 04585.147 04603.484 04717.523 04673.091 04605.312 04557.249 04477.483 04425.727 04486.522 04462.945 04337.010 03458.650 03350.910 03299.763 03288.841 03232.264 03255.042 03330.163 03372.416 03319.001 03361.867
-9999.0 -9999.0 -9999.0 -9999.0 -9999.0 05030.164 05020.514 05023.223 -9999.0 -9999.0 -9999.0 -9999.0 -9999.0 -9999.0 -9999.0 -9999.0 -9999.0 -9999.0 -9999.0 -9999.0 -9999.0 04897.867 04940.073 04891.790 04865.814 04893.257 04583.198 04613.596 04610.492 04526.897 04549.648 04510.240 04524.020 04505.827 04469.429 04487.611 04546.094 04426.212 04460.003 04531.424 04580.452 04588.323 04770.606 04814.376 04651.895 04535.827 04504.935 04462.603 04420.542 04443.235 04410.672 04416.510 03517.079 03388.341 03302.779 03261.215 03202.210 03254.337 03332.296 03309.629 03281.443 03345.136
-9999.0 05037.629 -9999.0 05026.351 05022.493 -9999.0 05014.696 05020.346 -9999.0 05029.140 -9999.0 -9999.0 -9999.0 -9999.0 -9999.0 -9999.0 -9999.0 -9999.0 05024.145 05022.519 04980.028 04998.882 04907.116 04842.144 04808.546 04838.500 04992.426 -9999.0 04542.212 04540.708 04530.734 04544.415 04465.154 04480.910 04493.259 04429.432 04558.294 04390.000 04422.588 04484.709 04578.766 04637.399 04693.822 04707.251 04643.364 04526.351 04440.118 04406.894 04387.861 04386.087 04355.522 04341.416 03572.720 03456.098 03321.490 03255.498 03297.771 03346.838 03351.154 03276.887 03256.876 03290.888
-9999.0 05033.431 05033.109 05028.757 05016.066 05011.008 05007.262 05012.363 -9999.0 04991.429 -9999.0 -9999.0 -9999.0 -9999.0 -9999.0 -9999.0 -9999.0 -9999.0 05023.857 04987.357 04949.044 04947.470 04872.540 04790.923 04755.981 04789.317 -9999.0 04548.535 04513.378 04603.795 04521.620 04504.757 04560.711 04441.214 04501.430 04533.178 04496.916 04379.652 04408.473 04492.130 04584.058 04576.791 04643.365 04601.762 04619.386 04523.611 04443.304 04359.136 03586.918 03581.127 03556.724 03528.902 03490.153 03391.985 03309.589 03235.163 03409.367 03477.904 03369.927 03241.518 03251.431 03256.921
-9999.0 05026.676 05026.292 05029.541 05026.438 05008.295 04999.145 05003.609 -9999.0 -9999.0 -9999.0 -9999.0 -9999.0 -9999.0 -9999.0 -9999.0 -9999.0 -9999.0 05022.724 04960.770 04922.807 04874.868 04842.602 04745.870 04713.210 04722.419 04729.695 04555.699 04568.541 04655.342 04507.844 04486.942 04551.738 04497.059 04470.070 04482.477 04525.799 04339.800 04415.245 04535.115 04521.671 04501.451 04567.483 04508.024 04520.090 04610.368 04464.427 04363.829 03582.949 03528.190 03459.446 03459.755 03365.481 03303.941 03238.912 03172.150 03381.106 03402.109 03318.038 03178.430 03266.298 03220.159
-9999.0 05023.269 05021.180 05021.728 05029.436 -9999.0 04995.149 04995.442 05012.346 -9999.0 -9999.0 05039.855 -9999.0 -9999.0 -9999.0 -9999.0 -9999.0 -9999.0 05009.084 04934.777 04849.136 04753.438 04743.474 04690.256 04677.583 04675.581 04718.225 04797.030 04833.052 04650.812 04495.394 04496.834 04525.930 04442.509 04426.893 04444.457 04510.961 04506.630 04526.378 04499.540 04485.692 04511.050 04533.526 04427.778 04423.507 04503.152 04570.115 04376.326 03558.786 03474.647 03387.424 03338.666 03355.320 03261.334 03180.169 03167.313 03243.473 03294.691 03177.086 03179.954 03237.123 03180.415
05035.552 05027.936 05019.068 05014.055 05011.542 04997.268 04990.733 04985.761 04982.283 04979.165 04980.365 -9999.0 -9999.0 -9999.0 -9999.0 -9999.0 -9999.0 05019.879 04980.245 04874.347 04772.311 04675.013 04650.663 04592.201 04585.329 04594.714 04708.180 04904.068 04807.918 04693.253 04638.088 04523.392 04506.134 04427.827 04398.797 04417.200 04444.861 04456.120 04510.317 04437.049 04454.700 04522.491 04480.926 04345.117 04334.087 04437.023 04458.316 04413.876 03554.388 03457.985 03379.659 03334.268 03328.641 03269.154 03180.839 03149.077 03145.436 03156.770 03138.951 03231.971 03205.520 03132.019
-9999.0 05033.309 05024.687 05016.373 05005.890 05000.100 04993.683 04986.597 04978.690 04975.190 04973.541 05012.649 -9999.0 -9999.0 -9999.0 -9999.0 -9999.0 05004.110 04924.912 04813.156 04716.416 04644.485 04572.269 04507.389 04476.257 04468.931 04623.684 04827.239 04755.855 04603.720 04621.716 04666.997 04535.144 04484.853 04503.117 04438.787 04377.763 04414.100 04497.454 04384.098 04451.708 04490.223 04420.566 04361.283 03596.885 04347.002 04439.996 04460.701 04327.751 03486.642 03385.575 03327.419 03269.799 03226.096 03161.575 03123.321 03099.525 03093.546 03119.474 03184.046 03113.822 03077.311
-9999.0 -9999.0 05033.538 05025.000 05017.130 05010.446 05003.985 04997.170 04988.488 04977.822 04969.848 04975.035 -9999.0 -9999.0 -9999.0 -9999.0 -9999.0 04980.728 04851.416 04754.688 04691.922 04646.755 04587.315 04519.563 04477.826 04469.404 04468.484 04612.618 04654.006 04571.117 04671.983 04804.950 04567.323 04461.604 04451.775 04419.547 04325.491 04402.573 04495.845 04416.308 04561.231 04459.208 04389.389 04496.122 04426.114 04372.370 04400.096 04488.588 04375.759 04352.298 03486.940 03342.733 03283.742 03194.744 03131.858 03097.566 03069.463 03063.056 03104.811 03105.707 03060.345 03037.309
-9999.0 -9999.0 -9999.0 -9999.0 05031.934 05023.460 05018.743 05015.927 05024.244 05009.467 04985.850 05005.830 -9999.0 -9999.0 -9999.0 -9999.0 05035.343 04891.147 04786.337 04764.768 04745.004 04715.379 04650.346 04563.103 04490.389 04470.391 04460.207 04469.992 04515.278 04500.435 04453.933 04672.442 04660.196 04505.516 04438.776 04404.682 04326.132 04395.054 04495.103 04634.131 04596.723 04479.968 04422.138 04439.377 04358.639 03572.999 04414.058 04521.693 03595.958 03515.822 03491.693 03347.733 03281.323 03199.186 03108.218 03077.167 03059.146 03060.592 03097.217 03083.394 03030.348 02996.687
-9999.0 -9999.0 -9999.0 -9999.0 -9999.0 05027.951 05036.557 05028.926 05022.997 05013.934 05001.868 -9999.0 -9999.0 -9999.0 -9999.0 -9999.0 05021.912 04913.823 04836.614 04833.352 04829.964 04771.507 04684.602 04585.579 04505.247 04475.578 04462.440 04451.648 04463.266 04553.346 04505.781 04486.837 04553.157 04666.905 04483.111 04340.995 04320.501 04479.436 04590.760 04587.151 04556.673 04380.593 04330.730 04377.340 03547.812 04431.276 04465.674 04520.239 04332.421 03463.626 03510.351 03356.388 03243.492 03196.774 03110.341 03068.116 03053.402 03057.948 03110.353 03110.285 03026.890 02981.255
-9999.0 -9999.0 -9999.0 -9999.0 -9999.0 -9999.0 05022.619 05015.631 05037.040 05010.487 -9999.0 -9999.0 -9999.0 -9999.0 -9999.0 -9999.0 -9999.0 04922.729 04862.341 04828.029 04776.078 04755.426 04673.423 04617.665 04546.383 04486.469 04472.265 04457.282 04440.838 04455.019 04506.159 04463.085 04429.601 04474.772 04448.326 04437.717 04567.936 04563.104 04562.769 04609.921 04541.599 04364.027 03593.574 04372.092 03597.556 04418.921 04433.034 04479.960 04357.446 04362.409 03533.512 03374.033 03238.495 03157.840 03112.170 03067.887 03036.216 03047.385 03123.169 03150.393 03063.972 02983.208
-9999.0 -9999.0 -9999.0 -9999.0 -9999.0 -9999.0 05036.098 05021.317 05011.466 04999.054 04998.790 -9999.0 -9999.0 -9999.0 -9999.0 -9999.0 -9999.0 05001.702 04915.579 04839.552 04795.799 04741.456 04694.202 04660.620 04610.994 04532.884 04489.680 04475.706 04448.198 04432.774 04426.050 04462.431 04432.811 04409.111 03596.903 03596.348 04430.590 04493.582 04484.455 04703.346 04637.716 04405.761 03585.158 03591.639 03535.003 04387.829 04390.496 04412.546 03552.452 03568.864 03528.210 03383.902 03247.389 03147.014 03117.887 03102.867 03026.458 03022.418 03133.916 03151.964 03085.846 03015.785
-9999.0 -9999.0 -9999.0 -9999.0 -9999.0 -9999.0 -9999.0 05037.548 05024.564 05006.372 04995.187 04982.019 04990.251 -9999.0 -9999.0 -9999.0 -9999.0 05022.728 04952.009 04912.735 04822.934 04781.315 04785.583 04725.314 04630.295 04562.613 04524.416 04532.496 04472.938 04436.021 04421.742 04414.702 04461.061 04398.017 03597.351 03589.823 03591.861 04338.488 04441.838 04637.166 04688.585 04429.153 03571.574 03577.965 03526.183 03585.618 04356.116 04370.074 03463.874 03487.653 03528.508 03368.839 03244.683 03161.131 03099.965 03071.321 03075.299 03094.252 03127.360 03149.345 03082.190 03004.884
-9999.0 -9999.0 -9999.0 -9999.0 -9999.0 -9999.0 -9999.0 -9999.0 -9999.0 -9999.0 05011.599 04993.533 04986.753 -9999.0 -9999.0 -9999.0 -9999.0 -9999.0 05028.143 04970.732 04846.605 04774.487 04845.651 04797.976 04663.017 04608.640 04594.034 04564.318 04496.929 04444.245 04427.901 04408.792 04414.873 04388.724 04363.246 03591.358 03584.935 03589.024 04343.756 04512.989 04617.998 04350.777 03573.968 03514.301 03514.552 03544.509 03531.480 03522.970 03418.315 03433.864 03474.068 03347.603 03213.550 03155.272 03108.645 03062.016 03054.222 03057.464 03090.015 03123.063 03084.698 03001.686
-9999.0 -9999.0 -9999.0 -9999.0 -9999.0 -9999.0 -9999.0 -9999.0 -9999.0 -9999.0 -9999.0 -9999.0 -9999.0 -9999.0 -9999.0 -9999.0 -9999.0 04999.157 04897.719 04899.820 04846.902 04801.373 04764.374 04755.300 04614.864 04634.638 04644.136 04620.168 04597.446 04477.051 04437.808 04419.023 04402.265 04360.748 04352.127 04323.261 03584.937 03582.455 03591.840 04402.991 04492.736 04501.433 03599.488 03502.061 03513.807 03553.183 03494.918 03417.773 03413.287 03413.716 03397.565 03317.759 03174.586 03118.343 03128.438 03061.716 03020.690 03015.777 03049.189 03117.415 03187.732 03112.290
-9999.0 -9999.0 -9999.0 -9999.0 -9999.0 -9999.0 -9999.0 -9999.0 -9999.0 -9999.0 -9999.0 05028.074 04972.855 05036.920 -9999.0 -9999.0 -9999.0 -9999.0 04853.264 04824.340 04852.897 04787.581 04750.105 04689.560 04725.865 04651.295 04635.987 04572.717 04557.536 04664.006 04604.237 04582.327 04453.531 04425.073 04445.436 04348.205 03591.696 03570.844 03575.505 04352.826 04420.918 04581.803 04333.115 03548.407 03526.842 03541.441 03469.628 03369.451 03374.858 03347.758 03303.810 03231.916 03144.441 03078.266 03104.642 03064.266 02988.798 02974.350 03052.024 03127.286 03146.772 03169.080
-9999.0 -9999.0 -9999.0 -9999.0 -9999.0 -9999.0 -9999.0 -9999.0 -9999.0 -9999.0 -9999.0 -9999.0 04960.036 04954.096 04963.046 04941.869 04952.430 04918.617 04919.800 04836.873 04829.609 04785.669 04730.324 04644.880 04696.388 04670.039 04601.979 04528.363 04498.884 04614.739 04658.742 04570.885 04545.167 04599.661 04540.446 04439.582 04386.016 03573.927 03531.818 03556.502 04408.437 04480.676 04364.892 03524.983 03550.301 03478.901 03432.117 03356.644 03284.672 03253.117 03228.382 03170.619 03126.494 03070.694 03134.007 03112.170 03007.653 02959.312 03086.867 03075.491 03100.311 03128.551
-9999.0 -9999.0 -9999.0 -9999.0 -9999.0 -9999.0 -9999.0 -9999.0 -9999.0 -9999.0 -9999.0 -9999.0 04982.281 04954.862 04944.181 04895.012 04871.533 04860.794 04858.686 04843.202 04797.187 04777.360 04708.512 04627.468 04663.058 04732.811 04683.308 04589.800 04497.390 04715.410 04651.210 04534.774 04463.604 04505.468 04503.126 04445.935 04351.691 03548.248 03518.315 03536.359 04407.114 04545.929 04405.631 03499.397 03486.255 03429.544 03411.193 03352.111 03260.435 03200.420 03172.900 03151.733 03078.348 03109.483 03133.110 03062.478 03055.373 03071.658 03042.390 03013.505 03045.203 03087.852
-9999.0 -9999.0 -9999.0 -9999.0 -9999.0 -9999.0 -9999.0 -9999.0 -9999.0 -9999.0 -9999.0 -9999.0 -9999.0 05021.324 04946.940 04874.471 04799.951 04813.948 04807.559 04795.782 04772.289 04751.900 04673.138 04613.634 04616.108 04690.645 04661.235 04623.833 04681.737 04678.769 04635.642 04528.424 04392.954 04437.586 04487.358 04411.069 04352.709 03550.985 03513.560 03528.638 04378.972 04606.369 04398.702 03492.107 03448.487 03405.207 03389.393 03355.010 03253.566 03157.454 03121.512 03098.667 03090.994 03102.979 03091.992 03052.903 03000.031 03025.304 02994.727 02956.422 02985.706 03054.235
-9999.0 -9999.0 -9999.0 -9999.0 -9999.0 -9999.0 -9999.0 -9999.0 -9999.0 -9999.0 -9999.0 -9999.0 -9999.0 -9999.0 -9999.0 04889.789 04800.536 04761.331 04756.486 04756.840 04729.100 04705.389 04638.430 04604.468 04568.984 04659.718 04642.112 04591.422 04679.074 04617.280 04583.060 04517.264 04432.924 04443.138 04466.784 04377.153 04348.761 03597.869 03589.935 03594.273 04473.292 04638.218 04346.121 03498.697 03374.802 03361.023 03350.023 03351.218 03256.427 03159.072 03071.742 03051.827 03042.490 03057.158 03046.297 03044.724 03040.442 03002.714 02950.259 02932.134 02956.663 03024.493
-9999.0 -9999.0 -9999.0 -9999.0 -9999.0 -9999.0 -9999.0 -9999.0 -9999.0 -9999.0 -9999.0 -9999.0 -9999.0 -9999.0 -9999.0 05001.844 04841.800 04756.491 04737.518 04721.127 04684.056 04661.212 04711.385 04579.481 04547.551 04649.017 04648.046 04578.288 04600.849 04613.834 04567.432 04468.121 04460.630 04440.032 04395.518 04377.642 04338.902 03570.576 03526.964 03529.584 04366.404 04493.195 03580.664 03572.817 03352.793 03354.247 03371.709 03356.239 03277.548 03169.103 03076.173 03029.234 03013.730 03012.964 03004.836 02998.950 02991.182 02968.666 02933.836 02919.208 02934.796 02993.000
