Supplementary_Data/FB_x64/TestFarsite/SampleData/Outputs/test_FlameLength.asc
NCOLS 401
NROWS 476
XLLCORNER -5994.000000
YLLCORNER -7142.000000
CELLSIZE 30.000000
NODATA_VALUE -9999.0
[rows 192 to 223 of 476, columns 72 to 143 of 401]
01.74 00.45 00.80 01.14 00.46 00.16 00.16 00.38 00.48 00.43 00.44 00.51 00.44 00.55 00.50 00.55 00.58 00.58 00.53 00.52 00.59 00.41 00.39 00.54 00.53 00.54 00.51 00.56 00.53 00.39 00.37 00.43 00.46 00.41 00.54 00.60 00.56 00.42 00.52 00.57 00.72 00.78 00.64 01.76 00.41 00.50 00.72 00.38 00.28 00.35 00.47 00.48 00.48 00.44 00.51 00.34 00.29 00.47 00.47 00.48 00.45 00.52 00.41 00.37 00.50 00.53 00.53 00.59 00.81 00.41 -9999.0 -9999.0
01.54 00.47 00.52 00.36 00.52 00.16 00.14 00.25 00.45 00.42 00.50 00.49 00.52 00.58 00.51 00.55 00.59 00.56 00.52 00.54 00.54 00.54 00.41 00.39 00.48 00.51 00.50 00.55 00.54 00.55 00.54 00.47 00.56 00.54 00.52 00.55 00.53 00.49 00.56 00.63 01.59 04.41 00.60 05.04 00.67 00.37 00.58 00.56 00.57 00.28 00.47 00.43 00.47 00.44 03.19 00.43 00.45 02.93 02.07 00.41 00.42 00.42 00.38 00.36 00.43 00.49 00.58 00.66 00.86 00.98 00.97 01.02
00.39 00.42 00.48 00.42 00.26 00.20 00.52 00.53 00.44 00.42 00.46 00.47 03.72 00.59 00.46 00.60 00.57 00.53 00.55 00.57 00.55 00.54 00.53 00.40 00.37 00.48 00.48 00.53 00.53 00.57 00.57 00.57 00.57 00.60 00.60 00.57 00.62 00.69 00.41 00.54 01.74 03.80 01.31 00.45 00.28 00.51 00.53 00.53 00.39 00.41 00.43 00.38 00.44 00.43 01.02 02.34 00.40 00.44 01.17 00.61 00.64 00.42 00.36 00.35 00.41 01.07 00.62 00.74 00.84 00.94 00.95 00.91
00.55 00.34 00.41 00.31 00.49 00.53 00.55 00.54 00.55 00.54 00.46 00.47 03.88 00.41 00.42 00.43 00.59 00.61 00.59 00.56 01.05 00.52 00.54 00.54 00.38 00.45 00.46 00.48 00.48 00.53 00.55 00.56 00.57 00.58 00.59 00.55 00.56 00.56 00.63 00.43 01.20 01.24 00.52 00.43 00.32 00.59 00.64 00.60 00.54 00.57 00.59 00.39 00.37 00.46 00.42 00.38 00.49 00.48 00.39 00.59 00.61 00.48 00.43 00.34 00.38 01.86 00.54 00.64 00.70 00.88 00.90 00.89
00.14 00.16 00.15 00.21 00.55 00.57 04.06 00.55 00.55 00.60 00.55 01.07 05.62 00.57 00.64 02.37 00.59 00.79 00.67 00.49 00.47 00.50 00.54 00.45 00.35 00.42 00.44 00.50 00.45 00.52 00.49 00.55 00.53 00.57 00.54 00.54 00.56 00.56 00.56 00.41 00.47 00.49 00.53 00.54 00.58 00.62 00.64 00.54 00.49 00.55 00.62 00.54 00.45 00.41 00.43 00.39 02.30 00.43 00.41 00.74 00.44 00.41 00.41 00.37 00.38 00.37 00.56 00.14 00.47 00.82 00.86 00.85
00.43 00.42 00.46 00.47 02.04 02.22 01.54 00.70 00.56 00.49 00.54 00.46 00.59 00.54 00.73 04.30 00.97 00.47 00.48 00.41 00.44 00.46 00.39 00.40 00.31 00.41 00.44 00.47 00.54 00.37 00.56 00.48 00.51 00.52 00.49 00.56 00.52 00.54 00.54 00.53 00.48 00.50 00.51 00.53 00.52 00.58 00.57 00.54 00.53 00.58 00.54 00.62 00.46 00.43 00.47 00.38 02.37 00.45 00.53 00.40 00.49 00.51 00.42 00.41 00.39 00.27 -9999.0 -9999.0 -9999.0 00.73 00.79 00.89
01.00 01.32 00.47 00.62 01.87 01.77 01.79 04.29 03.52 00.49 00.51 00.43 00.41 04.05 00.89 00.50 00.61 00.46 00.48 00.43 00.40 00.40 00.32 00.30 00.40 00.44 00.46 00.51 00.52 00.55 00.61 00.48 00.52 00.58 00.51 00.53 00.51 00.50 00.52 00.53 00.51 00.54 00.69 02.59 01.20 00.58 00.53 00.54 00.55 00.54 00.57 00.59 00.56 00.42 00.47 00.36 00.38 00.44 00.43 00.46 00.59 00.60 00.41 00.40 00.37 00.21 -9999.0 -9999.0 -9999.0 00.62 00.72 00.86
01.54 01.64 01.46 01.30 00.64 01.77 01.11 01.03 00.73 00.46 00.50 00.55 03.38 01.34 01.71 00.77 00.48 00.48 00.39 00.40 00.37 00.41 00.33 01.30 00.44 00.45 00.52 00.50 00.52 00.52 00.55 00.51 00.51 00.54 00.51 00.53 00.56 00.55 00.54 00.53 00.56 00.62 00.67 00.85 01.04 00.60 00.55 00.58 00.58 00.54 00.56 00.58 00.52 00.49 00.48 00.34 00.49 00.66 00.55 00.84 04.39 00.58 00.34 00.37 00.35 -9999.0 -9999.0 -9999.0 -9999.0 00.50 00.62 00.83
00.33 01.10 00.56 00.37 00.36 00.40 02.49 00.81 00.53 00.47 00.49 00.57 00.60 01.36 01.00 01.64 00.44 00.42 00.45 00.36 01.22 00.85 00.84 00.54 00.37 02.08 00.52 00.51 00.52 00.58 00.49 00.48 00.52 00.51 00.52 00.61 00.54 00.59 00.53 00.56 00.57 00.82 00.79 00.79 00.90 00.65 00.56 00.54 00.55 00.53 00.52 00.56 00.50 00.39 00.43 00.36 00.45 01.21 01.92 03.50 04.71 00.66 -9999.0 -9999.0 -9999.0 -9999.0 -9999.0 00.88 -9999.0 00.32 00.25 00.77
00.45 00.98 01.09 00.34 01.30 00.37 00.40 00.51 00.52 00.45 00.45 00.55 01.48 00.50 00.50 00.41 00.44 00.41 00.31 00.33 00.31 00.54 00.95 00.44 00.37 00.45 00.47 00.43 02.74 02.20 00.48 00.42 00.49 00.55 03.58 00.75 00.50 00.48 00.51 01.03 01.10 00.87 00.75 00.69 00.81 00.60 00.55 00.55 00.54 00.54 00.46 00.52 00.49 00.42 00.45 00.42 00.39 01.12 03.01 01.63 00.75 01.01 -9999.0 -9999.0 -9999.0 00.75 00.62 00.82 00.56 00.27 00.72 00.76
00.87 00.48 01.57 00.90 00.32 00.36 00.36 00.39 00.53 00.43 00.45 02.02 01.84 00.47 00.45 00.43 00.49 00.36 00.33 00.37 00.38 00.39 00.34 00.37 00.40 00.51 00.48 00.46 00.46 00.49 00.50 00.51 00.52 02.19 02.91 01.67 00.49 00.42 00.47 01.33 01.04 00.63 00.67 00.55 00.66 00.53 00.55 00.56 00.50 00.49 00.47 00.40 00.46 00.51 00.65 00.59 00.54 00.55 00.82 00.38 00.87 00.81 01.06 01.05 00.94 00.74 00.55 00.80 00.55 00.26 00.87 00.60
01.12 00.30 00.38 01.54 00.44 00.50 00.49 00.43 00.53 00.43 00.44 02.11 02.09 04.82 02.06 00.45 00.50 00.40 00.41 00.42 00.33 00.36 00.41 00.51 00.50 00.51 03.17 00.53 00.53 00.51 00.53 00.56 00.56 00.56 00.62 00.88 00.51 00.58 00.50 02.35 00.93 00.49 00.43 00.62 00.49 00.52 00.55 00.58 00.55 00.51 00.56 00.46 00.44 00.62 00.74 00.63 00.57 00.66 00.81 00.72 00.80 00.87 01.01 01.04 00.90 00.68 00.68 00.82 00.32 00.72 00.53 00.24
00.20 00.19 00.52 00.40 00.37 00.50 00.56 00.45 00.50 00.44 00.43 01.58 02.47 02.10 01.88 00.45 00.49 00.46 00.59 00.50 00.46 00.35 00.38 00.56 00.55 00.51 00.43 00.50 00.50 00.44 00.45 00.46 00.48 00.46 00.48 00.47 00.53 00.55 01.25 02.54 00.75 00.49 00.66 00.78 00.57 00.58 00.53 00.57 00.55 00.48 00.51 00.62 00.48 00.65 00.80 00.65 00.57 00.65 00.73 00.73 00.78 00.95 00.92 00.99 00.90 00.62 00.96 00.50 00.47 00.70 00.37 00.96
00.23 00.41 00.19 00.37 00.24 00.18 00.37 00.44 00.51 00.46 00.48 00.65 01.95 01.08 00.44 00.48 00.47 00.45 00.67 00.59 00.52 00.45 00.37 00.50 00.50 00.43 00.42 00.44 00.44 00.46 00.47 00.47 00.46 00.45 00.46 00.52 00.56 00.57 00.66 00.68 00.59 00.75 00.81 00.82 00.56 00.54 00.54 00.54 00.49 00.52 00.52 00.64 00.54 00.57 00.59 00.72 00.59 00.60 00.70 00.74 00.75 00.87 00.83 00.92 00.80 00.54 00.86 00.50 00.49 00.53 00.52 00.94
01.04 01.01 00.62 00.19 00.50 00.36 00.39 00.39 00.38 00.48 00.60 00.60 00.52 00.48 00.48 00.55 00.63 00.79 00.69 00.65 00.49 00.47 00.39 00.50 00.52 00.53 00.50 00.48 00.47 00.60 00.62 00.62 00.60 00.62 00.57 00.65 00.61 00.61 00.62 00.70 00.72 00.84 00.82 00.71 00.54 00.53 00.54 00.53 00.45 00.52 00.56 00.64 00.74 00.68 00.59 00.71 00.70 00.55 00.68 00.72 00.71 00.78 00.78 00.88 00.85 00.33 00.79 00.57 00.46 00.39 00.43 00.80
00.22 00.65 00.22 00.18 00.19 00.62 00.68 00.44 00.22 00.50 00.85 00.75 00.69 00.54 00.54 00.51 00.68 00.86 00.70 00.55 00.50 00.39 00.47 00.56 00.55 00.65 00.67 00.69 00.60 00.75 00.80 00.78 00.74 00.70 00.67 00.67 00.65 00.59 00.68 00.61 00.75 00.76 00.74 00.61 00.52 00.52 00.52 00.54 00.49 00.48 00.55 00.62 00.70 00.72 00.59 00.56 00.59 00.53 00.66 00.68 00.65 00.71 00.81 00.93 00.95 00.43 00.66 00.28 00.28 00.33 00.25 00.66
00.25 00.22 00.22 00.21 00.22 00.48 00.30 00.22 00.26 00.73 00.84 00.69 00.62 00.55 00.51 00.50 00.64 00.72 00.51 00.47 00.62 00.55 00.54 00.53 00.60 00.69 00.75 00.75 00.74 00.80 00.85 00.84 00.82 00.76 00.70 00.60 00.56 00.59 00.60 00.58 00.63 00.67 00.66 00.57 00.50 00.50 00.51 00.53 00.49 00.54 00.49 00.56 00.61 00.68 00.71 00.59 00.59 00.60 00.59 00.61 00.62 00.85 00.95 00.91 00.88 00.78 00.30 00.48 00.58 00.56 00.36 00.59
01.00 00.18 00.55 01.19 00.22 02.40 04.96 00.32 00.64 00.60 00.69 00.64 00.60 00.46 00.43 00.69 00.39 00.44 00.42 00.68 00.60 00.61 00.50 00.52 00.61 00.71 00.80 00.78 00.78 00.81 00.81 00.78 00.74 00.69 00.59 00.51 00.49 00.49 00.44 00.52 00.54 00.58 00.58 00.55 00.49 00.46 00.50 00.50 00.47 00.51 00.53 00.49 00.57 00.65 00.69 00.63 00.60 00.59 00.61 00.58 00.60 00.80 00.88 00.93 00.87 00.91 00.39 00.70 00.49 00.56 00.58 00.51
02.12 00.17 00.99 01.47 00.25 02.71 01.03 00.83 00.76 00.85 00.65 04.22 00.95 00.43 00.41 00.69 00.69 00.68 00.69 00.64 00.60 00.57 00.46 00.53 00.65 00.74 00.89 00.77 00.65 00.73 00.70 00.63 00.62 00.50 00.42 00.41 00.43 00.41 00.41 00.45 00.46 00.54 00.52 00.49 00.42 00.45 00.48 00.49 00.46 00.47 00.53 00.54 00.57 00.58 00.67 00.66 00.51 00.58 00.71 00.52 00.64 00.85 00.81 00.70 00.51 00.30 00.65 00.65 00.81 00.33 00.52 00.49
00.67 00.19 00.94 01.41 00.72 00.87 00.84 00.81 00.82 00.79 00.74 09.15 00.47 00.43 00.66 00.65 00.63 00.61 00.64 00.62 00.57 00.53 00.45 00.35 00.46 00.70 00.75 00.59 00.58 00.69 00.54 00.45 00.45 00.41 00.37 00.38 00.39 00.39 00.40 00.43 00.48 00.47 00.47 00.46 00.45 00.24 00.49 00.47 00.51 00.44 00.50 00.53 00.59 00.55 00.65 00.72 00.62 00.54 00.70 00.59 00.62 00.89 00.73 00.81 00.32 00.58 00.76 00.65 00.44 00.24 00.77 00.41
00.26 00.22 00.21 00.62 00.74 08.61 05.68 00.79 00.74 00.74 00.74 04.50 00.52 00.47 00.58 00.61 00.63 00.60 00.58 00.59 00.53 00.52 00.57 00.19 00.32 00.64 00.47 00.53 00.60 00.59 00.41 00.39 00.34 00.32 00.34 00.35 00.35 00.38 00.36 00.42 00.42 00.42 00.44 00.42 00.48 00.38 00.45 00.47 00.47 00.40 00.45 00.49 00.57 00.54 00.51 00.63 00.57 00.70 00.70 00.36 00.68 00.86 00.73 00.75 00.78 00.76 00.72 00.64 00.51 00.62 00.68 00.58
00.20 00.29 00.25 00.32 00.72 00.74 00.77 00.75 00.70 00.76 01.89 00.58 00.50 00.52 00.49 00.53 00.57 00.56 00.53 00.53 00.52 00.53 00.24 00.19 00.39 00.52 00.18 00.52 00.48 00.48 00.37 00.31 00.56 00.53 00.38 00.41 00.30 00.22 00.30 00.38 00.39 00.37 00.48 00.42 00.43 00.46 00.43 00.43 00.44 00.36 00.20 00.43 00.49 00.49 00.50 00.64 00.59 00.71 00.69 00.53 00.63 00.78 00.71 00.59 00.71 00.65 00.63 00.62 00.47 00.55 00.63 00.56
00.22 00.48 00.30 00.44 00.68 00.72 00.70 00.69 00.72 03.17 04.84 00.43 00.49 00.54 00.51 00.48 00.56 00.58 00.53 00.49 00.51 00.54 00.14 00.55 00.57 00.51 00.24 00.48 00.52 00.50 00.30 00.59 00.54 00.44 00.40 00.47 00.45 00.58 00.18 00.35 00.17 00.20 00.26 00.41 00.39 00.42 00.44 00.41 00.79 00.29 00.25 00.39 00.40 00.47 00.54 00.61 00.70 00.64 00.65 00.53 00.55 00.68 00.73 00.53 00.62 00.66 00.66 00.67 00.56 00.37 00.46 00.71
00.29 00.27 00.28 00.58 00.62 00.66 00.69 00.73 00.74 00.95 01.37 00.46 00.56 00.52 00.48 00.49 00.63 00.61 00.50 00.52 00.38 00.50 00.16 00.61 00.62 00.60 00.54 00.47 00.20 00.28 00.40 00.54 00.53 00.47 00.36 00.44 00.44 00.51 00.63 00.50 00.29 00.50 00.60 00.34 00.36 00.41 00.42 00.43 00.27 00.55 00.41 00.40 00.38 00.38 00.33 00.58 00.60 00.61 00.70 00.46 00.47 00.64 00.65 00.58 00.55 00.73 00.79 00.72 00.21 00.23 00.21 00.67
00.28 00.27 00.29 00.53 00.58 00.61 00.73 00.73 00.70 00.65 01.56 00.57 00.55 00.50 00.46 00.47 00.58 00.60 00.27 00.44 00.18 00.16 00.17 00.63 00.63 00.62 00.58 00.49 00.18 00.17 00.15 00.42 00.51 00.42 00.36 00.26 00.27 00.47 00.41 00.43 00.42 00.38 00.56 00.58 00.48 00.21 00.25 00.26 00.19 00.48 00.52 00.27 00.38 00.26 00.17 00.54 00.55 00.57 00.68 00.47 00.48 00.57 00.69 00.42 00.32 00.73 00.72 00.70 00.55 00.20 00.61 00.73
00.29 00.27 00.50 00.47 00.49 00.56 00.62 00.68 00.69 00.65 00.54 00.52 00.55 00.47 00.42 00.46 00.42 00.37 00.15 00.15 00.23 00.46 00.56 00.63 00.58 00.55 00.54 00.49 00.50 00.48 00.17 00.18 00.20 00.32 00.33 00.15 00.52 00.45 00.22 00.40 00.41 00.27 00.37 00.47 00.40 00.50 00.29 00.21 00.50 00.52 00.23 00.21 00.21 00.30 00.61 00.54 00.64 00.56 00.60 00.27 00.50 00.58 00.64 00.38 00.68 00.71 00.66 00.62 00.42 00.57 00.64 00.32
00.26 00.34 00.52 00.51 00.44 00.47 00.58 00.62 00.67 00.66 00.54 00.40 00.48 00.25 00.18 00.25 00.16 00.46 00.49 00.52 00.54 00.56 00.57 00.59 00.57 00.54 00.49 00.57 00.50 00.55 00.50 00.52 00.53 00.18 00.14 00.15 00.17 00.30 00.25 00.19 00.18 00.25 00.43 00.43 00.40 00.41 00.50 00.40 00.56 00.51 00.44 00.45 00.32 00.45 00.55 00.56 00.63 00.54 00.51 00.61 00.52 00.51 00.62 00.59 00.66 00.62 00.73 00.84 00.47 00.52 00.60 00.76
00.24 00.41 00.44 00.45 00.73 00.45 00.52 00.56 00.62 00.57 00.49 00.15 00.16 00.17 00.15 00.20 00.46 00.45 00.46 00.46 00.49 00.56 00.61 00.57 00.55 00.53 00.51 00.57 00.53 00.58 00.55 00.51 00.51 00.46 00.37 00.52 00.29 00.44 00.39 00.40 00.50 00.47 00.48 00.25 00.23 00.31 00.28 00.40 00.47 00.40 00.41 00.42 00.41 00.44 00.50 00.50 00.61 00.53 00.56 00.59 00.53 00.53 00.60 00.56 00.55 00.61 00.67 00.69 00.43 00.48 00.57 00.71
00.34 00.54 00.47 00.43 01.52 00.45 00.47 00.49 00.58 00.56 00.41 00.42 00.42 00.40 00.37 00.38 00.38 00.47 00.49 00.47 00.47 00.47 00.48 00.52 00.48 00.51 00.53 00.57 00.55 00.55 00.56 00.53 00.50 00.49 00.49 00.41 00.34 00.41 00.46 00.47 00.44 00.49 00.58 00.51 00.53 00.51 00.49 00.32 00.14 00.38 00.33 00.37 00.38 00.43 00.48 00.53 00.55 00.52 00.53 00.58 00.53 00.57 00.65 00.55 00.63 00.76 00.90 00.63 00.42 00.47 00.55 00.67
00.31 00.46 00.53 00.64 00.35 00.68 00.40 00.39 00.42 00.43 00.39 00.46 00.42 00.41 00.50 00.48 00.42 00.48 00.57 00.57 00.49 00.49 00.49 00.49 00.48 00.42 00.58 00.58 00.57 00.55 00.52 00.50 00.48 00.48 00.48 00.11 00.21 00.38 00.49 00.42 00.46 00.47 00.47 00.54 00.42 00.45 00.27 00.33 00.43 00.22 00.47 00.35 00.35 00.42 00.49 00.49 00.54 00.52 00.51 00.60 00.56 00.59 00.60 00.56 00.61 00.84 00.78 00.64 00.58 00.43 00.47 00.59
00.14 00.18 00.50 00.62 00.17 00.18 00.18 00.18 00.18 00.49 00.46 00.42 00.46 00.46 00.43 00.48 00.46 00.49 00.56 00.60 00.62 00.62 00.56 00.56 00.59 00.41 00.52 00.52 00.56 00.55 00.51 00.50 00.46 00.47 00.43 00.12 00.15 00.54 00.34 00.33 00.41 00.45 00.47 00.51 00.39 00.43 00.45 00.55 00.47 00.29 00.30 00.33 00.33 00.40 00.47 00.48 00.52 00.56 00.54 00.65 00.62 00.55 00.54 00.56 00.60 00.74 00.78 00.75 00.67 00.56 00.48 00.57
00.52 00.42 00.25 00.22 00.38 00.50 00.50 00.49 00.54 00.48 00.39 00.42 00.47 00.48 00.43 00.48 00.51 00.53 00.58 00.59 00.64 05.12 00.62 00.60 00.58 00.39 00.53 00.52 00.48 00.54 00.47 00.44 00.43 00.40 00.13 00.16 00.30 00.52 00.19 00.30 00.60 00.40 00.43 00.48 00.40 00.38 00.50 00.54 00.60 00.73 00.14 00.13 00.38 00.41 00.43 00.45 00.47 00.51 00.51 00.62 00.54 00.49 00.54 00.56 00.63 00.79 00.77 00.73 00.78 00.59 00.50 00.55
