Supplementary_Data/FB_x64/TestFarsite/SampleData/Outputs/test_ReactionIntensity.asc
NCOLS 401
NROWS 476
XLLCORNER -5994.000000
YLLCORNER -7142.000000
CELLSIZE 30.000000
NODATA_VALUE -9999.0
[rows 168 to 195 of 476, columns 62 to 123 of 401]
00577.835 00341.634 -9999.0 -9999.0 -9999.0 -9999.0 -9999.0 00141.585 00374.517 00357.129 -9999.0 -9999.0 -9999.0 00223.170 00453.573 00243.816 00415.328 00212.260 00279.757 00466.284 00881.238 00427.185 00442.826 00298.784 00786.762 00239.148 00613.940 00299.566 00624.059 00384.461 00369.956 00207.918 00569.992 00420.350 00556.955 00473.900 00545.109 00563.064 00192.495 00192.800 00509.209 01023.533 00192.710 00191.738 00210.622 00446.504 00615.553 01090.820 00551.913 00819.195 01031.504 00163.137 00587.619 00280.844 00732.952 01081.378 00443.060 00856.330 00238.674 00196.492 00206.343 00308.495
00473.979 01320.181 -9999.0 -9999.0 -9999.0 -9999.0 00141.689 00589.973 00596.401 00743.916 -9999.0 00713.350 01027.832 00402.924 00489.080 00193.559 00384.299 00573.119 00203.537 00286.723 00688.863 00350.060 00947.221 00645.045 00401.817 00651.398 00497.630 00756.134 00832.113 00328.378 00621.201 00251.449 00841.366 00235.249 00384.177 00967.600 00677.218 00191.700 00192.585 01098.964 00759.662 00620.629 00232.877 00191.262 00367.703 00236.074 00207.158 01007.702 00559.892 00433.940 00707.914 00398.234 00456.388 00469.137 00607.410 00157.922 00262.639 01167.905 00199.440 00347.114 00889.045 00287.436
01036.724 -9999.0 -9999.0 -9999.0 -9999.0 -9999.0 00258.056 00569.597 00570.577 00347.352 00521.856 00360.485 00450.548 00703.836 00535.659 00277.960 00415.614 00583.465 00587.602 00389.776 00580.384 00309.906 00324.191 00254.704 00624.600 01166.947 00490.938 00441.992 00941.446 00583.544 00434.939 00569.852 00490.987 00570.204 00540.376 00749.182 01250.886 00192.447 00193.039 01102.203 00963.260 00442.992 00192.486 00190.677 00426.567 00223.765 00245.216 00751.960 01030.246 00635.127 00964.003 00220.054 00446.214 00297.435 00540.070 00372.737 00205.515 00343.972 00266.447 00316.545 00528.107 00190.172
-9999.0 -9999.0 -9999.0 00647.870 01200.803 00953.225 00379.048 00202.209 00299.413 00271.023 00430.059 00147.724 00282.686 00446.096 00621.608 01076.279 00945.682 00402.935 00890.517 00460.973 00408.575 00274.625 00821.672 00492.678 00328.735 00547.698 01040.901 00575.629 00948.357 00449.022 00578.666 00281.754 00588.227 00924.597 00577.541 00348.598 00336.956 00191.033 00353.713 01103.915 00773.975 00276.423 00192.377 00299.300 00268.739 00219.685 00748.248 00749.163 00647.692 00336.197 00720.879 00897.990 00219.946 00452.572 00242.145 00194.508 01011.173 00637.101 00345.527 00153.935 00235.334 00157.124
-9999.0 -9999.0 01144.109 01182.821 01502.119 01499.567 00516.608 00338.678 00491.940 00239.927 00303.833 00410.869 00362.937 00628.101 00629.246 00628.704 00628.946 00702.689 00285.035 00574.701 00220.167 00475.745 00603.683 00620.346 00390.314 00562.810 00376.453 00472.756 00492.772 00333.412 00612.312 00840.349 00741.072 00449.636 00593.503 00488.483 00408.778 00575.047 00570.756 00199.417 00914.189 00192.518 00146.988 00852.457 00628.706 00490.947 00274.039 00263.488 00260.317 00234.451 00211.952 00589.489 00538.796 00254.494 00147.917 00160.015 00159.978 00158.863 00452.206 00330.144 00947.501 00168.230
-9999.0 -9999.0 00617.693 00525.162 01420.814 01227.217 00256.060 00418.177 00492.836 00172.096 00575.798 00298.045 00627.714 00629.601 00638.748 00637.655 00629.472 01068.713 00270.700 00389.387 00537.060 00600.331 00428.301 00386.117 00877.708 00300.170 00470.472 00613.528 01076.783 00520.214 00569.078 00689.724 00693.563 00543.572 00796.102 01001.149 00494.995 00372.453 00590.983 00578.768 00573.278 00571.597 00229.487 00558.185 01244.667 00360.898 00305.792 00256.242 00219.691 00264.625 00416.083 00234.167 00495.673 00443.635 00204.932 00210.795 00164.939 00214.146 00212.259 00210.072 00513.234 00210.047
-9999.0 -9999.0 00241.758 01162.785 00357.618 00340.350 00465.092 00639.102 00717.886 00620.192 00197.961 00474.786 00628.899 00638.756 00638.471 00638.577 00629.686 00300.708 00350.415 00453.090 00221.737 01000.418 00240.759 00531.983 00582.135 00536.305 00569.909 01056.719 00417.618 00501.201 00579.177 00589.377 00535.230 00465.571 00610.804 00597.053 00593.089 00310.666 00392.101 00594.292 00311.189 00144.116 00279.440 00656.139 00654.392 00383.357 00590.864 00288.283 00279.328 00297.534 00489.325 00255.088 00502.359 00237.065 00523.342 00162.461 00212.801 00211.690 00210.841 00209.817 00287.662 00624.575
-9999.0 -9999.0 00497.590 00306.028 00353.039 00524.775 00688.035 00665.133 00681.729 00779.165 00508.128 00377.660 00628.557 00638.504 00637.930 00638.284 00632.766 01005.262 00895.289 00525.853 00318.909 00613.999 00494.928 00365.506 00532.371 01132.103 00926.156 00443.063 00647.109 00526.361 00575.675 00596.792 00393.300 00467.839 00429.862 00606.577 00597.847 00600.037 00532.633 00628.075 00618.051 00238.263 00308.381 00578.638 00653.864 00457.129 00423.257 00297.522 00424.765 00276.270 00211.804 00562.120 00646.265 00311.750 00163.981 00191.686 00213.756 00216.107 00209.931 00210.011 00209.906 00367.968
-9999.0 00513.104 00285.412 00188.907 00969.197 00786.550 01052.417 00622.728 00627.216 00618.566 00702.931 00330.551 00788.815 00638.694 00638.957 00638.126 00628.662 00381.789 00690.646 00674.223 00222.569 00293.050 00358.715 00599.533 00327.312 00880.598 00610.629 00264.415 00558.000 00578.199 00223.821 00448.231 00235.159 00201.819 00201.850 00614.377 00606.524 00519.389 00617.463 00593.865 00818.911 00861.760 00448.914 00648.663 00250.862 00259.022 00363.528 00627.596 00553.993 00442.418 00585.658 00583.537 00457.221 00619.903 00200.761 00210.498 00209.289 00209.329 00209.548 00214.825 00216.063 00521.727
-9999.0 -9999.0 00142.131 00539.360 00895.147 00383.022 00919.304 00627.120 00631.857 00626.837 00646.564 00363.490 00402.840 00623.651 00630.922 00628.907 00312.038 00519.469 00656.243 00622.176 00634.573 00633.545 00754.876 00500.774 00815.970 00240.045 00238.973 00231.630 00571.244 00573.791 01059.884 00600.670 00485.691 00201.399 00201.547 00614.072 00612.755 01117.851 00543.713 00573.468 00882.852 00232.541 00633.426 00628.347 00675.823 00332.143 00284.711 00243.719 00226.001 00411.045 00250.291 00623.046 00618.404 00597.364 00179.571 00210.138 00209.109 00210.841 00212.326 00216.547 00216.658 00239.901
-9999.0 00822.763 00254.761 00166.181 00789.489 01063.899 00412.221 00625.250 00636.695 00618.367 00397.710 00417.204 00345.197 00341.753 00419.076 00482.201 00574.809 00647.666 00284.861 00216.478 00564.987 00596.401 01129.751 00212.970 00388.994 00242.026 00238.288 00591.549 00243.191 00562.927 00704.875 00638.939 00201.832 00201.680 00202.476 00273.576 00261.522 00599.737 00569.920 00262.425 00442.866 00895.251 00221.158 01031.617 00342.645 00601.956 00395.422 00226.243 00181.983 00318.697 00621.903 00157.260 00202.133 00191.773 00461.591 00209.187 00209.426 00220.802 00217.207 00216.633 00213.582 00212.076
01364.092 -9999.0 00683.680 00330.115 00297.676 00439.277 00602.717 00595.102 00595.520 00609.550 00534.244 00344.109 00676.581 00329.325 00435.376 00288.564 00478.749 00178.499 00216.407 00217.170 00217.428 00260.998 00210.025 00223.256 00236.624 00254.199 00155.659 00180.136 00495.634 00578.127 00594.327 00662.734 00408.506 00335.792 00203.259 00456.434 00611.222 01030.179 01017.561 00391.276 00568.939 00522.050 00251.720 00939.143 00824.213 00762.810 00617.945 00385.590 00177.009 00556.571 00196.153 00151.242 00231.547 00600.473 00166.267 00209.549 00209.138 00220.842 00221.102 00211.588 00210.101 00523.382
00512.102 -9999.0 -9999.0 00166.336 00520.105 00749.463 00661.436 00311.144 00595.315 01054.895 00547.704 00226.424 00291.257 00466.861 00581.347 00350.691 00458.977 00582.005 00374.681 00172.071 00228.663 00271.138 00539.405 00631.300 00413.059 00194.986 00975.291 00604.174 00407.175 00216.102 00595.979 00689.857 00531.654 00326.114 00542.612 00610.260 00593.928 00577.753 01059.517 00478.599 00648.231 00235.025 00320.803 00568.481 00511.060 00227.307 00956.946 00624.495 00297.768 00488.546 00200.613 00151.548 00159.514 00171.213 00184.953 00227.315 00259.640 00355.835 00209.664 00210.699 00225.382 00231.090
-9999.0 -9999.0 00235.129 00247.539 00275.711 00155.946 00530.985 00644.512 00594.100 00555.591 00623.410 00292.194 00303.492 00366.888 00642.002 00673.732 00445.405 00508.380 00286.982 00388.674 00601.116 00323.423 00428.197 00631.769 00261.980 00250.417 00860.715 00570.627 00416.947 00376.383 00589.943 00597.207 00800.926 00491.035 00607.496 00599.301 00396.112 00753.898 00197.488 00608.028 00424.911 00624.502 00894.944 00697.588 00741.828 00644.088 00489.144 00429.244 00370.523 00239.850 00150.601 00450.716 00562.008 00443.901 00335.267 00184.623 00336.090 00209.739 00179.430 00180.483 00301.680 00248.052
-9999.0 00549.956 00376.781 00273.712 00988.745 00288.995 00565.693 00416.896 00439.851 00524.523 00364.950 00457.563 00570.486 00606.569 00784.225 00590.707 00616.575 00428.628 00298.513 00399.763 00625.182 00847.159 00647.987 00453.926 00816.902 00345.682 00576.939 00357.510 00434.148 00593.365 00518.412 00345.380 00237.777 01086.150 00511.189 00563.129 00574.897 00191.234 00262.448 00247.579 00972.903 00360.597 00571.298 00367.415 00236.720 00260.916 00272.090 00277.198 00248.648 00583.881 00433.981 00599.907 00394.241 -9999.0 -9999.0 00587.036 00425.688 00303.214 00288.047 00356.737 00304.413 00292.472
-9999.0 00199.824 00225.939 00844.944 00433.044 00286.660 00541.961 00325.858 00516.549 00291.107 00574.792 01414.729 00466.371 00903.616 00635.182 00903.747 01348.692 00273.352 00998.675 01112.429 00342.722 00428.234 00968.468 00189.331 01057.914 00468.087 00438.823 00312.808 00569.262 00589.852 00379.625 00301.752 00202.118 00471.694 00594.515 00821.485 00569.986 00566.208 00248.209 01131.584 00693.149 00612.150 00412.831 00641.387 00463.283 00151.959 00549.400 00154.799 00191.193 00335.478 00612.301 00592.496 -9999.0 -9999.0 -9999.0 00153.728 00181.326 00295.641 00285.764 00256.257 00260.428 00347.915
00326.679 00246.096 00165.232 00281.943 00283.826 00840.526 01140.215 00287.157 00556.429 00317.804 00418.912 00917.157 00242.314 00736.384 00638.851 01016.740 01024.631 01045.542 00494.756 00298.489 00464.152 00406.416 00276.073 00404.390 00856.867 00572.567 00588.422 00221.789 00453.511 00558.405 00618.783 00385.496 00201.923 00260.523 00354.862 00666.480 00567.178 00261.798 00759.421 00380.764 00590.928 01000.132 00555.118 00477.167 00503.614 00601.139 00597.552 00599.956 00612.099 00623.063 00601.193 00585.734 00590.194 00526.821 -9999.0 00214.159 00304.393 00267.728 00423.013 00244.012 00243.121 00266.871
00162.533 00157.739 00434.657 00289.899 00295.562 00376.906 00638.071 00560.534 01337.290 00264.448 01019.977 00953.571 00983.326 00730.796 00632.434 00673.920 00935.064 00775.155 00547.506 00320.832 00674.138 00956.266 00574.862 00329.935 01096.764 00773.645 00594.630 00253.059 00611.153 00429.176 00365.656 00216.667 00202.578 00330.411 00598.925 00567.872 00397.719 00500.555 00424.426 00747.121 00272.100 00250.939 00291.786 00209.413 00235.184 00597.138 00538.435 00141.658 00595.409 00623.000 00597.202 00401.796 00354.849 00271.311 00172.763 00201.965 00312.358 00261.435 00438.382 00218.902 00353.014 00834.775
00419.310 00653.068 00474.339 00415.167 00395.225 01321.623 00647.673 00639.879 00669.654 00628.051 00510.065 00798.337 00561.529 00249.845 01133.619 00645.873 00484.724 00610.904 00678.247 01118.167 00304.072 00598.512 00511.078 00455.572 00842.188 00255.553 00599.003 00538.834 00201.904 00238.202 00227.351 00203.918 00201.575 00483.861 00594.037 00602.936 00611.397 00375.656 00412.916 00167.080 00159.172 00146.913 00528.788 00251.222 00597.957 00143.143 00144.264 00143.188 00604.126 00534.231 00467.967 00167.731 00168.507 00155.935 00178.350 00301.295 01120.231 00274.517 00320.585 00560.375 00955.249 00716.376
00604.058 00513.297 00419.394 00340.024 00437.645 00655.272 00662.109 00774.726 00469.262 00607.741 00420.771 00235.649 00412.646 00585.186 00610.167 00304.566 00313.539 01267.759 01233.660 00432.121 00161.882 00946.617 00612.054 00776.607 00658.068 00480.267 00200.164 00201.667 00201.683 00338.127 00203.324 00203.390 00202.283 00502.805 00577.591 00595.693 00161.114 00149.205 00145.507 00536.650 00584.877 00464.105 00602.486 00565.314 00457.888 00203.879 00152.453 00301.288 00152.399 00156.282 00159.026 00160.188 00225.077 00268.521 00145.619 00297.738 00246.016 00256.988 00283.996 00259.412 00294.265 00499.117
00240.733 00285.635 00627.492 00504.262 00947.340 01141.979 00846.106 00882.335 00238.531 00626.363 00585.605 00508.996 00897.222 00413.360 00554.535 00495.356 00671.998 00481.628 00620.944 00344.154 00476.135 00573.671 00377.749 00818.344 00577.007 00431.447 00319.700 00270.059 00202.857 00220.798 00213.515 00205.163 00610.859 00594.693 01060.863 01054.709 00271.272 00150.220 00147.550 00263.000 00165.853 00215.475 00254.405 00171.661 00255.354 00173.014 00150.954 00172.345 00153.457 00150.103 00202.187 00259.412 00210.871 00263.290 00274.841 00735.535 00268.907 00256.662 00394.251 00541.502 00351.119 00799.855
00185.256 00293.280 00384.794 00934.308 00710.197 00856.808 00839.913 01355.234 00299.735 00411.145 00256.397 00336.132 00467.792 00821.308 00744.963 00626.797 00449.416 00163.951 00152.507 00982.659 00966.922 00929.340 00570.378 00578.817 00587.067 00588.450 00479.952 00603.520 00201.537 00202.710 00204.772 00268.733 00399.717 00574.434 00350.918 00922.067 00632.323 00274.419 00458.632 00147.797 00602.559 00641.782 00641.821 00260.288 00205.003 00184.445 00175.480 00157.489 00170.825 00178.518 00217.464 00258.594 00596.692 00516.709 00246.882 00955.964 00227.006 00234.870 00974.616 00412.830 00270.515 00319.090
00314.697 00388.168 00404.020 00400.509 00488.300 00636.019 00866.834 00945.764 00486.884 00244.218 00207.425 00595.617 00678.403 00174.760 00843.797 00277.295 00158.956 00264.175 00214.075 00657.563 00807.592 00411.020 00588.109 00595.920 00595.708 00589.554 00587.739 00584.166 00580.935 00468.434 00538.756 00594.404 00579.012 00875.675 00831.158 00526.455 00514.293 00508.911 00221.169 00505.113 00625.369 00639.888 00658.707 00645.141 00173.593 00395.276 00152.573 00183.011 00158.611 00427.398 00216.028 00271.702 00280.864 00245.297 00284.564 00445.725 00255.472 00269.996 00260.179 00498.806 00259.967 00580.279
00902.616 00800.162 00546.256 01028.534 00497.290 00974.357 00440.680 00671.388 00499.522 00225.871 00705.692 01029.678 00164.875 01009.975 00878.513 00283.628 00156.299 00171.986 00464.245 00752.511 00570.946 00217.643 00598.273 00607.473 00604.905 00599.542 00601.630 00599.279 00593.817 00587.164 00573.596 01039.275 00403.757 00853.089 00545.185 00557.318 00528.014 00319.066 00458.126 00641.683 00639.618 00640.374 00647.840 00309.028 00175.426 00160.870 00588.389 00285.059 00356.030 00269.552 00232.093 00226.431 00263.778 00263.413 00248.504 00668.278 00265.805 00270.599 00321.921 00269.594 00313.418 00730.793
00560.246 01424.660 00894.852 00762.416 00427.750 00633.017 00411.385 00608.909 00485.605 01017.566 01290.503 00278.811 00872.481 00535.756 00813.438 00152.499 00151.879 00149.720 00402.901 00611.720 00573.952 00590.424 00602.425 00621.440 00615.339 00609.923 00611.544 00608.626 00600.445 00214.604 00264.521 00573.950 00654.552 00279.830 00629.853 00458.783 00296.657 00814.340 00541.065 00641.687 00634.881 00639.436 00642.079 00393.868 00199.652 00150.521 00497.676 00586.575 00255.778 00255.799 00225.708 00252.938 00279.887 00482.626 00313.925 00294.327 00252.838 00258.809 00516.271 00310.104 00507.082 00267.378
00690.736 00531.597 00881.732 00361.718 00208.874 01181.008 00633.735 00367.970 00356.823 00440.514 01040.302 00338.331 00400.201 00403.216 01113.414 00246.461 00226.624 00388.736 00587.091 00573.569 00588.659 00601.989 00608.585 00611.895 01281.688 00638.109 00368.946 00690.277 00604.884 00593.964 00593.276 00586.638 00571.290 00761.464 00501.056 01084.402 00486.747 00358.489 00600.277 00631.888 00632.367 00220.644 00337.414 00609.727 00294.527 00190.055 00510.397 00182.133 00223.375 00269.332 00602.798 00618.146 00253.668 00972.220 00222.437 00315.673 00264.324 00251.734 00222.311 00274.290 00909.529 00648.814
00312.657 00471.409 00474.712 01260.047 01296.642 01146.414 00651.904 00538.735 00379.322 00489.413 00828.714 00773.928 00467.752 00576.202 00621.733 00272.073 00583.826 00583.547 00577.317 00581.332 00598.762 00608.164 00489.751 00624.539 00644.417 00651.569 00636.033 01079.959 00606.072 00606.142 00604.670 00595.409 00583.414 00571.645 00339.696 00869.749 00292.409 00798.481 00416.089 00483.498 00618.154 00173.569 00557.261 00580.491 00231.694 00590.783 00469.704 00202.781 00383.903 00268.041 00881.196 00751.549 00306.262 00259.187 00653.398 00228.905 00214.353 00792.484 00248.093 00226.312 00237.080 01132.754
00289.205 00417.014 00474.444 00693.819 01169.975 01035.682 00626.655 00638.990 00720.377 01057.691 00422.386 00556.783 00234.219 00350.122 00589.420 00593.712 00600.894 00598.524 00590.071 00590.151 00600.751 01311.189 00449.133 00345.523 00598.641 00211.966 00213.332 00826.027 00805.268 00356.764 00478.443 00599.566 00337.637 00510.740 00474.898 00524.363 00760.234 00328.617 00639.311 00639.828 00639.587 00433.456 00482.016 00540.000 00293.012 00549.046 00341.669 00499.522 00150.498 00323.860 00228.527 00410.129 00671.315 00459.433 00331.751 00228.961 00236.718 00265.793 00285.447 00474.615 00650.220 00443.657
