Supplementary_Data/FB_x64/TestFarsite/SampleData/Outputs/test_HeatPerUnitArea.asc
NCOLS 401
NROWS 476
XLLCORNER -5994.000000
YLLCORNER -7142.000000
CELLSIZE 30.000000
NODATA_VALUE -9999.0
[rows 112 to 139 of 476, columns 186 to 247 of 401]
02716.695 02783.113 02809.885 02705.129 02847.708 02847.777 02805.591 01695.950 02818.066 02847.800 02847.764 04031.451 04818.789 04677.367 02847.379 03251.427 02847.394 02847.326 02830.470 02812.002 05475.220 05299.514 03152.952 02720.228 02682.834 02597.550 02596.444 02579.365 -9999.0 -9999.0 02488.973 04785.510 01509.218 02500.293 02488.834 02474.416 02461.595 02447.083 02430.161 02398.283 -9999.0 -9999.0 -9999.0 -9999.0 -9999.0 -9999.0 -9999.0 -9999.0 -9999.0 -9999.0 -9999.0 -9999.0 02388.604 -9999.0 -9999.0 -9999.0 -9999.0 -9999.0 -9999.0 -9999.0 -9999.0 -9999.0
02698.727 02762.565 02809.696 02323.834 02847.829 02847.904 02847.900 02847.896 02847.842 02847.750 02847.729 05291.690 04847.414 02847.310 05156.107 04314.259 02847.314 02545.663 02739.815 02764.241 05466.643 02652.742 02674.116 02659.963 02650.981 02619.500 02571.403 02573.612 -9999.0 -9999.0 02490.970 05037.679 02881.473 02497.061 02481.766 02466.087 02451.812 02436.846 02418.508 02393.388 -9999.0 02393.415 -9999.0 -9999.0 -9999.0 -9999.0 -9999.0 -9999.0 -9999.0 -9999.0 -9999.0 03451.174 02663.675 02412.608 02410.032 02411.675 -9999.0 -9999.0 -9999.0 -9999.0 -9999.0 -9999.0
02670.304 02705.299 02645.774 02847.925 02847.917 01915.242 02847.920 02847.941 02847.896 02847.887 03209.803 04382.456 02847.304 03476.826 03162.432 02847.297 02535.863 02554.767 01771.182 05017.926 03380.824 04032.467 -9999.0 -9999.0 -9999.0 02584.783 02587.623 02446.182 02582.163 -9999.0 00878.884 02948.418 02497.684 02478.544 02465.570 02453.466 02439.013 02421.863 02417.596 02419.113 02413.785 02417.179 02394.926 -9999.0 -9999.0 -9999.0 -9999.0 -9999.0 -9999.0 07422.955 07432.973 06598.564 02442.227 05263.698 05039.104 02428.613 02413.005 -9999.0 -9999.0 -9999.0 -9999.0 -9999.0
02577.650 02635.294 02846.383 02847.809 02847.862 02847.922 02848.003 02847.872 02847.794 02847.906 02847.525 02847.432 02847.263 02847.300 02840.902 -9999.0 02504.801 02533.894 02547.572 02575.237 02559.976 -9999.0 -9999.0 -9999.0 02590.353 02598.971 02604.689 02586.260 02573.552 02552.707 00877.966 00869.747 02441.747 02451.289 02448.759 02438.991 02423.687 02426.499 02430.954 02433.107 02432.571 02426.857 02408.053 -9999.0 -9999.0 -9999.0 -9999.0 -9999.0 -9999.0 05197.210 02593.065 02437.451 03610.544 02936.600 02453.440 02439.100 02429.480 02395.084 -9999.0 -9999.0 -9999.0 -9999.0
02654.687 02789.962 02844.844 03298.002 04257.719 04031.762 03157.054 03529.276 02847.616 -9999.0 02844.909 02847.326 02822.316 -9999.0 -9999.0 02455.512 02480.465 -9999.0 -9999.0 -9999.0 -9999.0 -9999.0 -9999.0 -9999.0 02610.080 02612.480 02356.797 01423.597 04083.845 03296.055 02518.943 -9999.0 -9999.0 02431.058 02439.075 02608.739 05430.329 02797.921 02439.928 02441.175 02440.870 02435.274 02419.007 -9999.0 -9999.0 -9999.0 -9999.0 -9999.0 -9999.0 06487.412 02727.516 04351.123 03922.576 03901.429 02580.055 02456.808 03341.025 -9999.0 -9999.0 -9999.0 -9999.0 -9999.0
02688.978 02793.271 02837.706 04894.691 05473.869 05638.510 23334.692 05111.348 02847.524 -9999.0 -9999.0 02782.677 02774.291 02721.884 -9999.0 02623.418 03730.747 04688.438 03123.989 02558.355 02551.901 02560.618 02604.679 02615.879 02629.116 02625.935 04965.570 00901.645 17372.810 01978.621 02513.358 02497.290 02477.300 02441.333 02450.033 02783.968 06105.803 02450.135 02451.672 02451.316 02450.975 02439.041 02421.845 -9999.0 04639.967 02386.733 -9999.0 -9999.0 07458.098 02465.445 02488.197 02488.497 03259.129 02634.168 02807.093 02452.514 05181.804 -9999.0 03601.154 02389.060 -9999.0 02410.372
02698.780 02615.568 02832.828 03401.109 04198.048 05638.356 07513.179 02847.226 02847.427 -9999.0 -9999.0 02624.401 02697.708 02645.898 02638.551 02622.674 02601.294 03276.937 02808.970 01735.652 02555.190 02862.656 02628.016 02648.759 02654.910 02432.222 04308.474 01756.106 02526.053 02511.607 02499.153 02490.166 03614.898 03555.137 02712.853 02460.659 02457.171 02461.809 02464.075 02459.983 02457.735 02446.840 02429.867 02415.057 02424.814 02418.720 03351.622 03129.379 04510.987 02481.374 02491.614 02506.284 02502.287 03105.708 04561.480 03490.046 07592.139 02968.010 02421.354 02417.828 02389.541 02428.754
02699.179 02746.647 02843.516 02847.518 02953.347 10107.707 03858.236 04568.691 02847.600 02962.053 -9999.0 02645.094 04631.724 04776.630 02488.474 02615.259 02605.016 02665.654 02564.746 01667.920 02560.191 02633.929 02655.757 02671.188 02674.034 01234.120 04117.954 02538.632 02517.611 02503.200 02498.252 02492.715 06537.733 04919.610 02475.665 02470.249 02465.215 02471.588 02472.459 02468.698 02460.914 02452.968 02435.893 02429.047 02438.994 02436.080 03796.167 05604.473 02466.637 02492.933 02514.186 02516.562 02943.044 04383.270 07988.661 03523.445 02462.102 05665.666 03288.448 02432.839 02419.002 02432.630
02704.774 02753.637 02695.863 02835.776 02847.782 04993.991 05636.459 03318.433 02848.666 02885.760 -9999.0 03172.797 04236.233 05262.922 02490.454 02619.523 02604.841 02578.687 02553.942 01575.816 02590.607 02645.074 02672.243 02680.177 02677.269 02482.212 02547.340 02531.382 02513.718 02516.445 02515.111 02510.047 02505.428 02497.076 02489.390 02486.767 02478.331 02493.554 02488.929 02478.933 02468.217 02457.584 02669.142 02439.121 02933.174 02451.386 02447.284 02760.539 02457.441 02498.545 02529.569 02531.483 02527.512 05128.471 07997.666 02472.984 02469.900 02463.362 02457.730 02442.023 02423.761 02433.629
02686.324 02765.379 02583.391 02695.197 04908.229 04058.030 03136.751 02943.862 02961.655 -9999.0 -9999.0 03062.787 03193.183 02532.854 02559.050 02616.149 02579.684 02552.344 02585.412 02588.573 02616.764 02657.441 02683.103 02696.233 02672.269 02578.298 02541.994 02520.531 02507.388 02515.890 02526.023 02524.401 02523.057 02509.817 02512.288 02499.487 02491.706 02502.811 02505.091 02498.321 02476.329 03943.609 05100.359 07819.760 03543.902 02555.936 06650.806 02872.649 05525.494 02499.906 02514.533 02541.392 02530.013 02541.789 08131.305 02474.620 02475.158 02471.721 02466.028 02439.496 02420.565 02432.965
02723.997 02778.084 02747.902 02565.359 05057.500 04094.411 02843.963 02829.433 02822.294 -9999.0 -9999.0 05403.504 05167.031 02065.514 02639.313 -9999.0 02514.158 02528.568 02507.248 02595.804 02621.306 02657.664 02687.639 02662.165 02637.142 02697.412 02531.299 02510.520 02518.793 02539.402 02544.010 02545.909 02523.560 02528.726 02523.240 02503.155 02505.981 02508.140 03679.722 02504.866 02474.300 07874.037 05023.630 02492.877 02852.877 03542.803 04245.881 06765.335 03461.237 02457.688 02457.738 02531.558 02540.813 02876.777 02508.815 03450.623 02476.584 02472.033 02455.220 02435.223 02408.960 02430.011
02718.037 02726.122 02747.505 02612.019 02793.574 02830.367 02842.730 02811.474 02769.843 00972.646 00964.252 02724.213 04008.665 02656.970 02642.844 02475.348 02491.412 02492.235 02138.967 02549.484 02624.673 02515.084 02686.839 02667.393 02575.530 04072.005 06017.649 02523.406 03073.488 02565.472 02571.745 02526.222 02526.587 02530.098 02529.977 02508.977 02512.306 02519.636 02513.031 05239.268 08023.389 02504.155 02503.374 02508.666 02500.588 07233.371 03021.922 03728.697 02863.879 02466.378 02462.962 02538.011 02522.292 02507.063 02497.734 02474.530 02472.991 02460.557 02437.277 02419.113 -9999.0 02399.317
02737.600 02741.206 02731.308 02764.689 02814.595 02788.587 02816.375 02780.080 01602.813 01093.819 00965.835 02724.332 02662.309 02661.745 02623.604 00887.961 02464.747 02466.409 -9999.0 02403.256 02637.592 02635.782 02654.839 02639.136 02696.275 05176.179 08277.256 08056.865 04557.823 02630.304 05479.935 08158.510 03463.177 02532.810 02873.453 02545.189 02526.711 02591.284 04999.241 06928.053 03217.124 02520.582 02510.429 02509.474 02510.397 02506.756 02508.327 02506.148 06419.645 02479.434 02476.520 02468.249 02461.745 02458.325 02456.073 02469.502 02460.841 02441.626 02421.682 -9999.0 -9999.0 -9999.0
02808.365 02774.699 02714.883 02795.242 02807.414 02771.961 02780.834 02775.242 02721.001 02754.638 02461.625 02707.046 02663.043 02629.100 02592.543 01127.424 02032.095 02526.903 02505.697 02588.838 02603.938 02611.039 02605.174 02603.040 02603.285 02610.987 02634.425 02621.556 02853.273 02571.419 02597.670 02581.073 02558.998 02539.385 04308.521 04737.306 02533.321 02559.098 02556.244 02546.555 02531.762 02524.249 02535.304 02513.803 02518.506 02518.163 02529.756 03572.528 05872.097 02990.375 02479.805 02476.555 02466.895 02468.643 02460.803 02453.760 02447.929 02433.721 02419.533 -9999.0 -9999.0 -9999.0
02819.271 02777.829 02755.944 02820.076 02789.374 02765.986 02719.351 02676.634 02739.934 02653.877 02666.891 02610.073 02590.588 02561.936 02388.249 02008.639 02546.789 03255.048 02789.819 02611.374 02575.666 02613.091 02699.240 02638.496 02595.759 02606.089 02637.731 02663.664 02652.749 02560.841 02581.756 02622.705 02563.421 02522.569 07813.387 08099.159 02594.376 02588.453 02589.099 02575.451 04592.555 02540.320 02548.656 02524.315 02528.229 02533.087 02529.005 02528.262 02520.834 05515.805 02575.571 02465.457 02475.055 02476.711 02460.441 02458.497 02451.621 02439.169 02420.352 -9999.0 -9999.0 -9999.0
02842.446 02837.726 02831.332 02843.135 02781.205 02761.932 02659.115 02620.533 02704.923 02638.424 02594.610 02561.282 02536.945 02529.531 02517.745 02516.695 02509.820 02608.872 05280.139 02589.788 02728.908 02740.286 02771.201 02664.217 02576.447 02581.803 02593.800 04173.402 08392.794 05482.366 02690.842 02571.111 02528.960 07539.509 08098.876 02604.265 02609.597 02588.672 02545.894 02563.742 02558.918 02549.127 02550.372 02547.070 02532.142 02533.973 03091.014 02560.139 02544.263 02752.842 07985.015 07209.406 03410.413 02478.634 02462.037 02459.793 02455.530 02439.669 02418.603 -9999.0 -9999.0 -9999.0
02837.126 02830.149 02842.619 02826.628 02765.657 02697.633 02602.715 02637.087 02654.194 02613.745 02583.210 03991.329 03281.249 02498.055 02487.596 02489.037 02490.531 02483.420 08028.922 03011.013 02747.514 02804.958 02748.791 02698.984 02667.506 02668.730 02664.190 07982.113 03000.545 02670.495 04894.959 05996.875 03001.254 02545.055 02598.734 02621.779 02610.454 02607.071 02604.521 02583.450 02573.039 02579.151 02558.116 02555.658 02568.013 02718.687 03192.627 02683.794 02561.188 02494.633 02492.143 02488.585 02491.941 02480.631 02473.174 02466.296 02455.984 02438.722 02417.056 -9999.0 -9999.0 -9999.0
02809.094 02805.326 02841.019 02805.443 02790.955 02626.857 02592.310 02630.853 02629.516 02603.639 03040.399 05558.460 06794.107 04893.515 02472.209 02450.713 02451.602 02450.801 07991.754 06085.440 02764.964 02830.687 02763.169 02731.536 02698.052 02722.017 02723.828 02666.488 02643.000 04708.676 08422.765 08443.582 08416.646 02598.197 02624.781 02636.529 02620.327 02609.804 02604.610 02629.297 02651.985 02646.017 02552.130 02558.828 02562.510 02653.116 03332.191 02614.899 02547.987 02526.421 02509.422 02495.088 02489.477 02484.318 02477.300 02465.020 02451.480 02429.482 02395.532 02391.315 02413.063 02395.552
02812.965 02808.449 02831.674 02803.379 03313.701 02671.331 02668.111 02633.756 02605.553 02576.647 02520.927 02537.139 02537.092 03629.982 04915.752 08011.590 07975.442 03691.026 04526.662 05019.282 02763.237 02832.908 02720.674 02710.685 02733.887 02754.159 02747.913 02709.658 02680.006 02605.251 04954.849 02854.694 04780.799 05915.551 03186.296 02626.695 02629.130 02636.493 02648.714 02640.499 02631.103 02650.185 02577.573 02553.293 02594.675 02638.178 02594.480 02556.984 02591.932 02594.913 02530.650 02513.175 02491.399 02488.539 02477.371 02462.813 02440.779 02414.090 02391.368 02417.828 02428.309 02429.246
02781.403 02810.574 02833.749 02797.402 05325.727 02722.564 02685.967 02625.217 02578.085 02546.724 03724.952 02541.059 03645.995 07409.913 03966.324 02569.633 02563.701 02549.626 02532.174 02634.422 02734.912 02815.930 02711.592 02734.310 02777.176 02783.425 02722.259 02669.167 02661.652 02601.250 02677.641 03865.357 02577.212 02606.412 02641.065 02628.147 02683.647 02654.147 02645.933 02647.374 02575.425 02627.412 02568.814 02572.212 02575.918 02686.897 02606.936 02600.028 05281.163 02584.252 02535.715 02508.371 02493.695 02487.896 02477.108 02456.411 02430.878 02391.927 02425.989 02447.784 02451.978 02450.413
02782.271 02794.424 02825.579 02764.833 02652.602 02746.719 02690.169 02596.320 02581.074 02554.993 05286.812 02531.251 02693.347 02713.028 02713.541 02636.788 02584.443 02604.545 02550.918 02589.247 02698.168 02745.891 02772.563 02830.117 02925.990 02828.983 02735.581 02702.774 02655.585 02614.572 05937.519 06991.049 02598.268 02615.515 02620.154 02612.187 02630.560 02661.364 02666.679 02626.081 02594.468 04516.465 06393.555 03438.524 02605.408 02605.977 02569.797 02570.134 02584.900 35952.750 02561.157 02509.756 02499.906 02482.483 02467.081 02446.637 02416.871 02419.581 02442.876 02458.976 02474.264 02474.767
02802.636 02766.720 02726.591 02644.886 02689.224 02695.877 02683.027 03254.462 04522.557 02553.201 02582.749 02575.740 02728.972 02757.762 02714.262 02651.445 02641.680 02628.288 02577.559 02594.126 02666.809 02749.523 02794.511 02830.810 03648.003 02767.486 02785.670 02758.137 05684.481 03845.633 02631.597 03524.381 02629.258 02650.213 02620.147 02646.228 02682.660 02684.247 03366.216 02923.886 02597.313 02605.446 02597.893 02589.531 02582.435 02588.528 02572.756 02586.573 02587.825 35357.518 02547.145 02511.045 02498.314 02470.256 02447.529 02425.075 02405.419 02429.438 02442.972 02472.573 02484.849 02485.577
02747.508 02740.302 02740.377 07869.022 03830.837 02674.325 02660.805 02616.455 08357.628 02576.404 02707.286 02772.171 02801.219 02810.168 02791.154 02696.988 02674.693 02623.806 02738.756 02576.481 02675.500 02757.339 02755.454 02807.261 02766.508 03568.751 02695.467 02762.146 02809.960 03547.384 08679.773 08133.686 06776.549 02714.141 02648.587 02635.543 02626.711 02656.259 02809.877 08487.196 02831.743 02713.712 02605.224 02609.569 02623.637 02589.523 02592.918 02587.652 02590.569 10214.621 02523.101 02505.246 02475.552 02449.425 02432.388 02411.062 02396.460 02424.015 02441.710 02476.646 02489.364 02489.739
02771.327 02747.831 02916.938 02811.792 02815.800 02766.624 02638.789 02629.885 08526.864 02770.007 02757.390 02777.936 02785.439 02733.994 02729.675 02970.971 04924.379 02609.064 08413.905 02619.722 02676.243 02745.181 02727.703 02819.967 02829.247 02691.768 02717.238 02798.748 02807.077 03427.612 02785.590 02702.254 02725.670 03754.860 02779.350 02785.259 02798.194 02648.549 02881.378 06546.161 04039.165 02724.444 02727.196 02640.315 02603.503 02626.761 02625.198 02583.249 02578.010 02532.881 02515.646 02495.749 02470.731 02443.709 02422.728 02416.544 02391.782 02405.997 02421.100 02479.804 02489.732 02501.871
02786.472 02750.664 02783.434 02811.810 02787.418 02803.361 02692.493 02638.225 02679.949 02771.795 02749.120 02770.015 02785.234 02711.048 02773.076 03075.537 08262.554 02622.863 02686.545 02739.702 02659.872 02663.158 02708.792 02754.544 02805.605 02824.874 02769.739 02786.418 02807.536 02813.860 03712.621 02684.661 02753.196 02725.219 02753.348 02707.132 02814.652 05764.882 03415.340 02710.905 02766.501 02751.293 02723.043 02636.040 02610.067 28422.476 02586.190 02586.380 02553.349 02537.520 02525.513 02498.805 02468.520 02442.804 02456.784 02437.088 -9999.0 02382.165 -9999.0 02447.491 02471.191 02475.350
02816.415 02808.938 02843.041 02841.538 02826.991 02791.674 02676.497 02718.536 02817.302 02785.839 02742.394 02792.957 02783.925 02741.984 02792.673 02755.582 04276.905 02671.082 02814.354 02743.645 02730.447 02551.750 02604.297 02725.284 02806.688 02818.433 02809.165 02808.550 02807.860 02807.347 03892.032 02655.999 02649.676 02714.690 04758.825 02697.112 03690.636 08522.528 02917.857 02782.070 02772.723 02762.032 02755.142 02731.141 02657.816 02664.886 02606.312 02631.436 02665.197 02555.579 -9999.0 -9999.0 -9999.0 02494.360 02474.138 02451.646 02433.100 02418.898 02394.552 02415.486 02419.739 02417.496
02847.717 02847.384 02800.981 02823.321 02824.861 02801.768 02765.927 02789.922 02785.802 02779.701 02804.306 02812.658 02828.464 02712.932 02692.107 02779.550 02680.051 02685.048 02857.397 02810.886 02867.433 02544.252 02349.684 05547.239 02826.645 02827.768 02809.537 02808.921 02808.294 02807.553 07631.167 06842.320 02770.934 05338.497 02703.807 02745.592 02749.224 02748.861 02747.523 02749.241 02783.951 02768.407 02770.006 02783.767 02724.016 02715.218 02834.147 02703.443 02693.890 02688.343 02607.616 02595.391 02543.687 02502.411 02489.334 02469.109 02450.309 02433.639 02421.733 02430.578 02435.956 02436.288
02819.123 02802.897 02806.435 02772.582 02761.058 02788.929 02822.265 02829.070 02825.816 02782.718 02813.165 02783.871 02696.900 02741.084 02693.934 02689.191 03189.799 02704.685 03012.533 03067.757 01884.785 05648.162 02772.025 06175.163 02824.771 02826.659 02828.353 02809.515 02759.418 02788.452 08672.647 08620.742 02750.087 02777.724 02802.196 02819.330 02725.865 02697.876 02756.787 02774.936 02812.917 02777.292 02766.299 02810.008 02775.333 02768.443 02760.017 03072.262 02730.757 02697.506 02622.722 02563.080 02515.312 02504.976 02501.127 02482.303 02453.916 02440.021 02433.131 02438.446 02450.336 02448.781
