Supplementary_Data/FB_x64/TestFarsite/SampleData/Outputs/test_SpreadRate.asc
NCOLS 401
NROWS 476
XLLCORNER -5994.000000
YLLCORNER -7142.000000
CELLSIZE 30.000000
NODATA_VALUE -9999.0
[rows 288 to 319 of 476, columns 144 to 215 of 401]
01.22 02.52 00.87 00.34 00.25 00.32 00.48 00.48 00.67 00.65 00.90 00.66 00.64 00.55 00.51 00.37 00.21 00.17 00.17 00.21 00.26 00.60 00.26 00.56 00.34 01.00 01.18 01.15 01.24 01.38 01.30 00.19 00.09 00.09 00.76 01.04 01.00 01.11 01.39 01.36 00.98 01.00 01.58 00.80 01.28 00.27 00.39 05.00 00.12 -9999.0 -9999.0 -9999.0 -9999.0 -9999.0 -9999.0 -9999.0 -9999.0 -9999.0 -9999.0 -9999.0 -9999.0 -9999.0 -9999.0 -9999.0 -9999.0 -9999.0 -9999.0 -9999.0 -9999.0 -9999.0 -9999.0 -9999.0
01.19 00.38 00.31 00.25 00.30 00.50 00.87 00.49 00.56 00.63 00.58 01.64 00.54 00.83 00.45 00.35 00.22 00.20 00.24 00.26 00.25 00.29 00.35 00.28 00.46 00.96 01.06 00.33 00.87 01.47 00.15 00.61 00.63 00.95 00.09 00.67 01.16 01.02 01.13 01.15 01.04 00.88 00.89 01.07 01.25 00.48 02.13 01.22 00.65 00.99 -9999.0 -9999.0 -9999.0 -9999.0 -9999.0 -9999.0 -9999.0 -9999.0 -9999.0 -9999.0 -9999.0 -9999.0 -9999.0 -9999.0 -9999.0 -9999.0 -9999.0 -9999.0 -9999.0 -9999.0 -9999.0 -9999.0
00.27 00.29 00.41 00.22 00.68 01.28 01.03 00.65 00.84 00.45 00.54 01.24 00.45 00.62 00.31 00.29 00.19 00.30 00.27 00.33 00.30 00.27 00.27 00.70 00.44 00.82 00.80 01.12 01.79 01.68 00.98 02.30 01.61 01.37 01.57 00.65 00.69 00.93 00.91 00.87 00.95 00.91 00.88 00.90 00.97 01.48 01.69 00.10 00.81 -9999.0 -9999.0 -9999.0 -9999.0 -9999.0 -9999.0 -9999.0 -9999.0 -9999.0 -9999.0 -9999.0 -9999.0 -9999.0 -9999.0 -9999.0 -9999.0 -9999.0 -9999.0 -9999.0 -9999.0 -9999.0 -9999.0 -9999.0
00.19 00.20 00.58 00.73 01.13 00.97 01.05 01.11 00.99 00.49 00.50 00.41 00.37 00.29 00.28 00.19 00.26 00.27 00.36 00.35 00.31 00.63 00.43 00.21 00.23 00.28 00.57 00.88 01.05 01.28 02.12 01.40 01.36 01.42 01.35 00.88 00.84 00.83 00.89 00.84 00.80 00.78 00.78 00.73 00.78 01.23 -9999.0 -9999.0 -9999.0 -9999.0 -9999.0 -9999.0 -9999.0 -9999.0 -9999.0 -9999.0 -9999.0 -9999.0 -9999.0 -9999.0 -9999.0 -9999.0 -9999.0 -9999.0 -9999.0 -9999.0 -9999.0 -9999.0 -9999.0 -9999.0 -9999.0 -9999.0
00.46 00.38 00.23 00.24 00.36 00.74 00.84 00.82 00.50 00.41 00.40 00.37 00.32 00.31 00.18 00.24 00.27 00.34 00.50 00.56 00.62 00.64 00.52 00.50 00.37 00.30 00.50 00.34 00.76 00.82 01.05 00.18 00.35 00.84 00.82 00.80 00.69 00.69 00.86 00.86 00.21 00.19 00.39 00.47 00.39 00.53 00.32 -9999.0 -9999.0 -9999.0 -9999.0 -9999.0 -9999.0 -9999.0 -9999.0 -9999.0 -9999.0 -9999.0 -9999.0 -9999.0 -9999.0 -9999.0 -9999.0 -9999.0 -9999.0 -9999.0 -9999.0 -9999.0 -9999.0 -9999.0 -9999.0 -9999.0
00.69 00.25 00.53 00.21 00.65 00.26 00.26 00.37 00.71 00.34 00.35 00.31 00.31 00.19 00.22 00.47 00.45 00.43 00.63 00.70 00.62 00.64 00.55 00.51 01.48 01.26 00.58 00.37 00.22 00.62 00.86 00.72 01.01 00.59 00.22 00.20 00.38 00.62 00.72 00.72 00.18 -9999.0 -9999.0 -9999.0 -9999.0 -9999.0 -9999.0 -9999.0 -9999.0 -9999.0 -9999.0 -9999.0 -9999.0 -9999.0 -9999.0 -9999.0 -9999.0 -9999.0 -9999.0 -9999.0 -9999.0 -9999.0 -9999.0 -9999.0 -9999.0 -9999.0 -9999.0 -9999.0 -9999.0 -9999.0 -9999.0 -9999.0
00.26 00.18 00.49 01.47 00.22 00.21 00.68 00.69 00.68 00.48 00.39 00.46 00.54 00.30 00.31 00.39 00.41 00.39 00.62 00.61 00.63 00.58 00.54 00.48 01.22 00.44 00.18 00.17 00.37 00.20 00.21 00.21 00.21 00.55 00.37 -9999.0 00.17 00.23 00.36 00.33 -9999.0 -9999.0 -9999.0 -9999.0 -9999.0 -9999.0 -9999.0 -9999.0 -9999.0 -9999.0 -9999.0 -9999.0 -9999.0 -9999.0 -9999.0 -9999.0 -9999.0 -9999.0 -9999.0 -9999.0 -9999.0 -9999.0 -9999.0 -9999.0 -9999.0 -9999.0 -9999.0 -9999.0 -9999.0 -9999.0 -9999.0 -9999.0
00.23 00.54 00.97 01.08 01.57 00.71 00.18 00.64 00.46 01.07 00.42 00.59 00.46 00.32 00.33 00.23 00.35 00.60 00.54 00.59 00.58 00.55 00.49 00.43 00.46 00.21 -9999.0 -9999.0 -9999.0 -9999.0 -9999.0 -9999.0 -9999.0 -9999.0 -9999.0 -9999.0 -9999.0 -9999.0 -9999.0 -9999.0 -9999.0 -9999.0 -9999.0 -9999.0 -9999.0 -9999.0 -9999.0 -9999.0 -9999.0 -9999.0 -9999.0 -9999.0 -9999.0 -9999.0 -9999.0 -9999.0 -9999.0 -9999.0 -9999.0 -9999.0 -9999.0 -9999.0 -9999.0 -9999.0 -9999.0 -9999.0 -9999.0 -9999.0 -9999.0 -9999.0 -9999.0 -9999.0
00.40 00.38 00.37 00.56 00.53 00.89 01.21 00.57 00.66 00.26 00.40 00.47 00.60 00.62 00.47 00.11 00.50 00.56 00.50 00.60 00.51 00.46 00.44 00.25 00.51 00.35 00.23 -9999.0 -9999.0 -9999.0 -9999.0 -9999.0 -9999.0 -9999.0 -9999.0 -9999.0 -9999.0 -9999.0 -9999.0 -9999.0 -9999.0 -9999.0 -9999.0 -9999.0 -9999.0 -9999.0 -9999.0 -9999.0 -9999.0 -9999.0 -9999.0 -9999.0 -9999.0 -9999.0 -9999.0 -9999.0 -9999.0 -9999.0 -9999.0 -9999.0 -9999.0 -9999.0 -9999.0 -9999.0 -9999.0 -9999.0 -9999.0 -9999.0 -9999.0 -9999.0 -9999.0 -9999.0
00.43 00.44 00.41 00.32 00.49 00.47 00.67 00.52 00.21 00.66 00.66 00.27 00.30 00.51 00.38 00.15 00.31 00.56 00.24 00.49 00.23 00.34 00.10 00.81 01.60 00.43 00.25 -9999.0 -9999.0 -9999.0 -9999.0 -9999.0 -9999.0 -9999.0 -9999.0 -9999.0 -9999.0 -9999.0 -9999.0 -9999.0 -9999.0 -9999.0 -9999.0 -9999.0 -9999.0 -9999.0 -9999.0 -9999.0 -9999.0 -9999.0 -9999.0 -9999.0 -9999.0 -9999.0 -9999.0 -9999.0 -9999.0 -9999.0 -9999.0 -9999.0 -9999.0 -9999.0 -9999.0 -9999.0 -9999.0 -9999.0 -9999.0 -9999.0 -9999.0 -9999.0 -9999.0 -9999.0
00.60 00.62 00.42 00.39 00.29 00.46 00.48 00.50 00.55 00.48 00.61 00.57 00.53 00.53 00.07 00.15 00.26 00.42 00.11 00.22 00.15 00.17 00.19 00.21 00.58 00.39 00.26 -9999.0 -9999.0 -9999.0 -9999.0 -9999.0 -9999.0 -9999.0 -9999.0 -9999.0 -9999.0 -9999.0 -9999.0 -9999.0 -9999.0 -9999.0 -9999.0 -9999.0 -9999.0 -9999.0 -9999.0 -9999.0 -9999.0 -9999.0 -9999.0 -9999.0 -9999.0 -9999.0 -9999.0 -9999.0 -9999.0 -9999.0 -9999.0 -9999.0 -9999.0 -9999.0 -9999.0 -9999.0 -9999.0 -9999.0 -9999.0 -9999.0 -9999.0 -9999.0 -9999.0 -9999.0
00.65 00.69 00.65 00.39 00.37 00.45 00.50 00.47 00.46 00.61 00.57 00.55 00.55 00.50 00.54 00.34 00.32 00.24 00.38 00.17 00.22 00.49 00.67 01.44 00.22 00.23 00.19 00.10 -9999.0 00.18 00.28 -9999.0 -9999.0 -9999.0 -9999.0 -9999.0 -9999.0 -9999.0 -9999.0 -9999.0 -9999.0 -9999.0 -9999.0 -9999.0 -9999.0 -9999.0 -9999.0 -9999.0 -9999.0 -9999.0 -9999.0 -9999.0 -9999.0 -9999.0 -9999.0 -9999.0 -9999.0 -9999.0 -9999.0 -9999.0 -9999.0 -9999.0 -9999.0 -9999.0 -9999.0 -9999.0 -9999.0 -9999.0 -9999.0 -9999.0 -9999.0 -9999.0
00.77 00.75 00.70 00.59 00.39 00.39 00.46 00.47 00.48 00.44 00.54 00.55 00.63 00.54 00.52 00.47 00.28 00.23 00.40 00.41 00.27 00.62 00.63 00.63 00.70 00.55 01.47 00.30 00.39 01.14 00.55 -9999.0 -9999.0 -9999.0 -9999.0 -9999.0 -9999.0 -9999.0 -9999.0 -9999.0 -9999.0 -9999.0 -9999.0 -9999.0 -9999.0 -9999.0 -9999.0 -9999.0 -9999.0 -9999.0 -9999.0 -9999.0 -9999.0 -9999.0 -9999.0 -9999.0 -9999.0 -9999.0 -9999.0 -9999.0 -9999.0 -9999.0 -9999.0 -9999.0 -9999.0 -9999.0 -9999.0 -9999.0 -9999.0 -9999.0 -9999.0 -9999.0
00.85 00.71 00.66 00.65 00.42 00.41 00.29 00.44 00.44 00.41 00.51 00.64 00.61 00.59 00.48 00.45 00.41 00.23 00.43 00.46 00.50 00.57 00.59 00.59 00.60 00.48 00.56 00.46 00.55 00.56 01.21 -9999.0 -9999.0 -9999.0 -9999.0 -9999.0 -9999.0 -9999.0 -9999.0 -9999.0 -9999.0 -9999.0 -9999.0 -9999.0 -9999.0 -9999.0 -9999.0 -9999.0 -9999.0 -9999.0 -9999.0 -9999.0 -9999.0 -9999.0 -9999.0 -9999.0 -9999.0 -9999.0 -9999.0 -9999.0 -9999.0 -9999.0 -9999.0 -9999.0 -9999.0 -9999.0 -9999.0 -9999.0 -9999.0 -9999.0 -9999.0 -9999.0
02.57 01.91 00.70 00.65 00.65 00.41 00.36 00.26 00.39 00.45 00.65 00.63 00.58 00.53 00.45 00.44 00.28 00.33 00.27 00.44 00.45 00.44 00.56 00.61 00.58 00.47 00.53 00.56 01.38 00.46 00.42 -9999.0 -9999.0 -9999.0 -9999.0 -9999.0 -9999.0 -9999.0 -9999.0 -9999.0 -9999.0 -9999.0 -9999.0 -9999.0 -9999.0 -9999.0 -9999.0 -9999.0 -9999.0 -9999.0 -9999.0 -9999.0 -9999.0 -9999.0 -9999.0 -9999.0 -9999.0 -9999.0 -9999.0 -9999.0 -9999.0 -9999.0 -9999.0 -9999.0 -9999.0 -9999.0 -9999.0 -9999.0 -9999.0 -9999.0 -9999.0 -9999.0
01.43 01.52 00.68 00.69 00.62 00.56 00.34 00.24 00.39 00.53 00.49 00.60 00.54 00.48 00.41 00.49 00.54 00.33 00.30 00.41 00.44 00.43 00.54 00.54 00.58 00.55 00.77 01.19 01.00 00.39 00.76 00.23 -9999.0 -9999.0 -9999.0 -9999.0 -9999.0 -9999.0 -9999.0 -9999.0 -9999.0 -9999.0 -9999.0 -9999.0 -9999.0 -9999.0 -9999.0 -9999.0 -9999.0 -9999.0 -9999.0 -9999.0 -9999.0 -9999.0 -9999.0 -9999.0 -9999.0 -9999.0 -9999.0 -9999.0 -9999.0 -9999.0 -9999.0 -9999.0 -9999.0 -9999.0 -9999.0 -9999.0 -9999.0 -9999.0 -9999.0 -9999.0
00.75 00.83 00.78 00.73 00.60 00.51 00.31 00.39 00.47 00.87 00.45 00.52 00.49 00.44 00.56 00.53 00.59 00.53 00.30 00.25 00.43 00.41 00.41 00.56 00.64 00.61 00.61 01.71 00.42 00.51 01.29 00.23 -9999.0 -9999.0 -9999.0 -9999.0 -9999.0 -9999.0 -9999.0 -9999.0 -9999.0 -9999.0 -9999.0 -9999.0 -9999.0 -9999.0 -9999.0 -9999.0 -9999.0 -9999.0 -9999.0 -9999.0 -9999.0 -9999.0 -9999.0 -9999.0 -9999.0 -9999.0 -9999.0 -9999.0 -9999.0 -9999.0 -9999.0 -9999.0 -9999.0 -9999.0 -9999.0 -9999.0 -9999.0 -9999.0 -9999.0 -9999.0
00.75 00.71 00.69 00.64 00.53 00.46 00.27 00.37 00.42 01.15 00.39 00.48 00.45 00.59 00.59 00.58 00.56 00.54 00.50 00.27 00.42 00.38 00.45 00.56 00.68 00.64 00.66 00.57 00.48 00.50 00.45 00.22 -9999.0 -9999.0 -9999.0 -9999.0 -9999.0 -9999.0 -9999.0 -9999.0 -9999.0 -9999.0 -9999.0 -9999.0 -9999.0 -9999.0 -9999.0 -9999.0 -9999.0 -9999.0 -9999.0 -9999.0 -9999.0 -9999.0 -9999.0 -9999.0 -9999.0 -9999.0 -9999.0 -9999.0 -9999.0 -9999.0 -9999.0 -9999.0 -9999.0 -9999.0 -9999.0 -9999.0 -9999.0 -9999.0 -9999.0 -9999.0
00.79 00.66 00.62 00.44 00.53 00.67 00.44 00.35 00.38 00.50 00.37 00.49 00.62 00.66 00.63 00.60 00.54 00.50 00.47 00.25 00.38 00.47 00.43 00.55 00.58 00.62 00.64 00.59 00.51 00.47 00.43 00.25 -9999.0 -9999.0 -9999.0 -9999.0 -9999.0 -9999.0 -9999.0 -9999.0 -9999.0 -9999.0 -9999.0 -9999.0 -9999.0 -9999.0 -9999.0 -9999.0 -9999.0 -9999.0 -9999.0 -9999.0 -9999.0 -9999.0 -9999.0 -9999.0 -9999.0 -9999.0 -9999.0 -9999.0 -9999.0 -9999.0 -9999.0 -9999.0 -9999.0 -9999.0 -9999.0 -9999.0 -9999.0 -9999.0 -9999.0 -9999.0
01.78 00.57 00.45 00.49 00.42 00.70 00.60 00.33 00.25 00.38 00.38 00.47 00.66 00.66 00.71 00.62 00.50 00.46 00.45 00.31 00.26 00.43 00.42 00.53 01.62 00.64 00.58 00.56 00.48 00.46 00.45 00.25 -9999.0 -9999.0 -9999.0 -9999.0 -9999.0 -9999.0 -9999.0 -9999.0 -9999.0 -9999.0 -9999.0 -9999.0 -9999.0 -9999.0 -9999.0 -9999.0 -9999.0 -9999.0 -9999.0 -9999.0 -9999.0 -9999.0 -9999.0 -9999.0 -9999.0 -9999.0 -9999.0 -9999.0 -9999.0 -9999.0 -9999.0 -9999.0 -9999.0 -9999.0 -9999.0 -9999.0 -9999.0 -9999.0 -9999.0 -9999.0
01.81 00.63 00.59 00.71 00.71 00.66 00.54 00.32 00.24 00.37 00.53 00.67 00.68 00.73 00.65 00.62 00.46 00.46 00.54 00.30 00.27 00.41 00.43 00.45 01.49 01.17 00.57 00.52 00.47 00.53 00.43 00.24 -9999.0 -9999.0 -9999.0 -9999.0 -9999.0 -9999.0 -9999.0 -9999.0 -9999.0 -9999.0 -9999.0 -9999.0 -9999.0 -9999.0 -9999.0 -9999.0 -9999.0 -9999.0 -9999.0 -9999.0 -9999.0 -9999.0 -9999.0 -9999.0 -9999.0 -9999.0 -9999.0 -9999.0 -9999.0 -9999.0 -9999.0 -9999.0 -9999.0 -9999.0 -9999.0 -9999.0 -9999.0 -9999.0 -9999.0 -9999.0
01.34 01.34 00.59 01.28 01.32 00.56 00.49 00.30 00.29 00.34 00.67 00.62 00.81 00.60 00.58 00.47 00.39 00.59 00.56 00.48 00.26 00.40 00.43 00.62 01.69 01.43 00.50 00.48 00.41 00.90 00.41 00.21 -9999.0 -9999.0 -9999.0 -9999.0 -9999.0 -9999.0 -9999.0 -9999.0 -9999.0 -9999.0 -9999.0 -9999.0 -9999.0 -9999.0 -9999.0 -9999.0 -9999.0 -9999.0 -9999.0 -9999.0 -9999.0 -9999.0 -9999.0 -9999.0 -9999.0 -9999.0 -9999.0 -9999.0 -9999.0 -9999.0 -9999.0 -9999.0 -9999.0 -9999.0 -9999.0 -9999.0 -9999.0 -9999.0 -9999.0 -9999.0
00.71 00.74 01.40 01.78 01.14 00.48 00.46 00.28 00.32 00.54 00.55 00.78 01.17 00.49 00.46 00.60 00.61 00.56 00.51 00.46 00.25 00.42 00.43 00.82 00.67 01.32 00.47 00.45 00.36 00.29 00.78 00.19 -9999.0 -9999.0 -9999.0 -9999.0 -9999.0 -9999.0 -9999.0 01.01 00.80 00.37 00.23 -9999.0 -9999.0 -9999.0 00.28 00.33 00.43 -9999.0 -9999.0 -9999.0 -9999.0 -9999.0 -9999.0 -9999.0 -9999.0 -9999.0 -9999.0 -9999.0 -9999.0 -9999.0 -9999.0 -9999.0 -9999.0 -9999.0 -9999.0 -9999.0 -9999.0 -9999.0 -9999.0 -9999.0
00.39 01.31 01.33 01.50 00.55 00.48 00.38 00.28 00.68 00.53 00.48 00.43 00.51 00.43 00.68 00.66 01.23 00.53 00.46 00.43 00.26 00.24 00.41 00.51 00.44 00.66 00.43 00.40 00.37 00.35 00.20 00.29 -9999.0 -9999.0 -9999.0 -9999.0 -9999.0 -9999.0 -9999.0 00.47 00.18 00.18 00.19 00.19 00.56 00.58 00.56 00.53 00.33 00.72 -9999.0 -9999.0 -9999.0 -9999.0 -9999.0 -9999.0 -9999.0 -9999.0 -9999.0 -9999.0 -9999.0 -9999.0 -9999.0 -9999.0 -9999.0 -9999.0 -9999.0 -9999.0 -9999.0 -9999.0 -9999.0 -9999.0
00.89 00.40 00.83 00.77 00.57 00.46 00.29 00.46 00.53 01.13 00.87 00.42 00.46 00.69 00.69 00.59 01.32 00.42 00.77 00.45 00.27 00.27 00.43 00.43 00.42 00.45 00.44 00.44 00.42 00.38 00.36 00.50 00.11 -9999.0 -9999.0 -9999.0 -9999.0 -9999.0 00.15 00.16 02.17 02.42 01.29 01.39 00.58 00.59 01.07 01.11 00.44 00.59 00.66 -9999.0 -9999.0 -9999.0 -9999.0 -9999.0 -9999.0 -9999.0 -9999.0 -9999.0 -9999.0 -9999.0 -9999.0 -9999.0 -9999.0 -9999.0 -9999.0 -9999.0 -9999.0 -9999.0 -9999.0 -9999.0
00.62 00.38 00.72 01.07 01.04 00.40 00.31 00.97 00.63 00.33 00.78 00.32 00.84 01.65 00.60 00.51 00.44 00.42 01.73 00.44 00.31 00.28 00.38 00.39 00.35 00.44 00.44 00.37 00.27 00.23 00.53 00.57 00.54 -9999.0 -9999.0 00.15 00.45 00.24 00.13 00.63 01.89 02.19 01.56 01.92 02.87 01.55 00.54 00.55 00.75 -9999.0 -9999.0 -9999.0 -9999.0 -9999.0 -9999.0 -9999.0 -9999.0 -9999.0 -9999.0 -9999.0 -9999.0 -9999.0 -9999.0 -9999.0 -9999.0 -9999.0 -9999.0 -9999.0 -9999.0 -9999.0 -9999.0 -9999.0
00.46 00.57 00.74 00.87 00.64 00.49 00.30 00.29 00.58 00.28 00.51 00.57 01.83 01.62 00.50 00.53 00.61 00.50 01.09 00.93 00.55 00.28 00.32 00.34 00.36 00.36 00.30 00.52 00.10 00.19 00.45 00.51 00.51 00.20 00.17 00.19 00.20 00.17 00.82 02.03 02.46 01.75 01.76 04.63 03.07 01.96 00.19 00.85 -9999.0 -9999.0 -9999.0 -9999.0 -9999.0 -9999.0 -9999.0 -9999.0 -9999.0 -9999.0 -9999.0 -9999.0 -9999.0 -9999.0 -9999.0 -9999.0 -9999.0 -9999.0 -9999.0 -9999.0 -9999.0 -9999.0 -9999.0 -9999.0
00.76 00.71 01.01 00.75 00.67 00.69 00.26 00.30 01.20 01.56 01.08 01.85 01.37 00.65 00.53 00.65 00.58 00.46 00.61 00.58 00.48 00.22 00.13 00.08 00.17 00.23 00.21 00.23 00.19 00.19 00.20 00.19 00.18 00.18 01.34 00.30 01.39 00.51 00.41 02.34 02.68 02.23 01.98 01.49 01.23 01.36 00.49 00.65 00.58 01.03 -9999.0 -9999.0 -9999.0 -9999.0 -9999.0 -9999.0 -9999.0 -9999.0 -9999.0 -9999.0 -9999.0 -9999.0 -9999.0 -9999.0 -9999.0 -9999.0 -9999.0 -9999.0 -9999.0 -9999.0 -9999.0 -9999.0
01.32 01.35 00.45 00.25 00.19 00.38 00.23 00.34 01.09 01.67 01.52 01.38 01.16 01.38 00.59 00.55 00.54 00.69 00.69 01.56 00.18 00.08 00.58 00.50 00.33 00.22 00.55 00.24 00.41 00.65 00.95 00.64 00.36 00.66 02.17 00.99 00.59 00.62 01.13 03.55 01.99 01.33 01.88 00.52 00.47 01.84 05.26 00.35 00.72 -9999.0 -9999.0 -9999.0 -9999.0 -9999.0 -9999.0 -9999.0 -9999.0 -9999.0 -9999.0 -9999.0 -9999.0 -9999.0 -9999.0 -9999.0 -9999.0 -9999.0 -9999.0 -9999.0 -9999.0 -9999.0 -9999.0 -9999.0
01.46 00.96 00.48 00.97 00.63 00.78 00.77 00.67 00.84 01.63 01.22 01.16 01.06 01.36 00.48 00.45 00.64 00.99 01.43 01.06 00.16 00.14 01.20 00.60 00.53 00.78 00.56 00.79 01.81 02.83 01.14 02.64 00.57 00.86 01.97 01.49 01.72 00.66 01.16 02.74 01.27 01.50 01.34 01.53 00.66 00.44 04.21 00.18 00.16 00.14 -9999.0 -9999.0 -9999.0 -9999.0 -9999.0 -9999.0 -9999.0 -9999.0 -9999.0 -9999.0 -9999.0 -9999.0 -9999.0 -9999.0 -9999.0 -9999.0 -9999.0 -9999.0 -9999.0 -9999.0 -9999.0 -9999.0
01.14 00.37 00.90 00.32 00.94 00.45 00.80 01.08 00.91 00.97 00.95 00.82 01.28 00.38 00.39 00.84 01.16 01.95 00.44 00.28 00.18 00.35 00.77 01.72 01.63 00.89 00.91 01.17 01.55 01.88 02.31 02.51 01.18 01.35 04.98 02.84 03.27 04.90 00.83 01.98 01.70 01.58 01.43 00.87 01.44 01.38 01.74 00.93 00.64 -9999.0 -9999.0 -9999.0 -9999.0 -9999.0 -9999.0 -9999.0 -9999.0 -9999.0 -9999.0 -9999.0 -9999.0 -9999.0 -9999.0 -9999.0 -9999.0 -9999.0 -9999.0 -9999.0 -9999.0 -9999.0 -9999.0 -9999.0
00.31 00.93 00.76 00.62 00.91 00.50 00.67 00.34 00.36 00.73 00.79 01.00 00.31 00.70 01.31 01.20 01.30 01.36 00.17 00.06 00.17 00.26 00.76 02.22 01.49 01.59 00.47 00.62 01.37 01.33 01.36 01.68 00.25 02.23 02.62 00.83 01.82 02.78 00.90 01.94 01.19 01.11 01.09 00.85 00.99 00.78 01.05 -9999.0 -9999.0 -9999.0 -9999.0 -9999.0 -9999.0 -9999.0 -9999.0 -9999.0 -9999.0 -9999.0 -9999.0 -9999.0 -9999.0 -9999.0 -9999.0 -9999.0 -9999.0 -9999.0 -9999.0 -9999.0 -9999.0 -9999.0 -9999.0 -9999.0
