Supplementary_Data/FB_x64/TestFarsite/SampleData/Outputs/test_HeatPerUnitArea.asc
NCOLS 401
NROWS 476
XLLCORNER -5994.000000
YLLCORNER -7142.000000
CELLSIZE 30.000000
NODATA_VALUE -9999.0
[rows 140 to 167 of 476, columns 186 to 247 of 401]
02760.068 02800.060 02818.283 02816.750 02816.957 02812.269 02834.851 02829.666 02825.019 02787.147 02748.932 02767.315 02744.777 02745.157 02809.946 02805.181 02820.105 02771.160 02860.373 02770.341 02620.600 04745.844 03544.966 03846.524 03204.295 02825.709 02827.719 02809.646 02677.047 02759.844 03442.167 03036.183 02777.926 02776.537 02737.914 02653.747 02703.650 02752.952 02745.015 02802.732 02807.765 02791.492 02786.318 02809.973 02802.182 02780.243 02735.902 02792.552 02742.640 02683.175 02644.981 02631.224 02555.310 02536.936 02526.075 02501.774 02483.282 02456.673 02451.775 02465.516 02461.894 02456.531
02805.585 02809.963 02821.018 02818.288 03749.238 03222.024 03331.465 02829.931 02829.749 02825.989 02807.111 02789.278 02712.349 02755.638 02815.460 02825.035 02820.667 02817.149 02813.752 02804.532 03365.532 02820.938 02820.967 02821.621 02824.515 02826.111 02811.809 02787.659 02676.571 08738.188 02661.722 02661.013 02756.420 02661.849 02696.307 02740.855 02963.285 02811.744 02696.623 02782.018 02829.963 02802.596 02802.716 02806.458 02758.934 02762.347 02747.226 02766.013 02769.009 02767.376 02713.249 02653.432 02759.025 02581.844 02542.229 27816.974 22424.174 02470.490 02470.752 18323.446 02464.941 02458.436
02811.007 02810.791 02827.875 02826.367 08015.335 03990.865 02831.385 02828.915 02828.563 02822.402 02801.967 02766.381 02697.154 02744.687 02823.994 02798.658 02729.006 02686.751 02815.050 02815.900 02822.245 02820.797 02819.751 02823.144 02824.972 02823.686 02788.541 02772.655 02677.492 04310.425 08471.499 08199.977 02713.443 02790.229 02780.249 02809.795 02833.749 02855.359 02790.207 02789.460 02810.313 02817.896 02763.945 02791.230 02776.118 02766.107 02782.428 02770.867 02761.381 02806.516 02826.710 02746.161 02781.398 02598.160 02554.892 13853.472 02493.264 02469.520 02476.332 29018.182 06945.477 02240.750
02814.558 02814.616 02802.421 02739.962 02684.257 02692.742 02831.307 02827.745 02826.069 02819.005 02823.062 02784.856 02816.685 02804.734 02762.131 02743.194 02717.365 02695.861 02812.303 02824.138 02817.065 02816.607 02818.010 02782.321 02824.381 02817.283 02815.895 02783.884 02677.799 02780.640 03506.231 02674.763 02777.836 02828.679 02822.973 02810.304 02809.932 02791.170 02790.135 02788.487 02784.764 02819.409 02773.454 02794.169 02808.936 02728.763 02774.054 02758.162 02807.514 02772.026 02759.500 02786.610 02766.299 02633.995 02549.078 02580.921 02474.786 02481.661 08008.223 31513.926 02483.088 01470.909
02816.064 02816.966 02794.033 02699.643 02683.587 02691.321 02828.400 02799.472 02823.663 02821.626 02819.933 02815.139 02752.227 02789.907 02769.000 02787.253 02798.089 02787.019 02816.747 02809.732 02812.185 02799.659 02798.765 02804.861 02785.550 02691.761 02817.028 02807.049 02693.635 02678.299 02807.083 05322.046 02696.894 02827.701 02817.945 02793.806 02782.640 02799.142 02734.803 02785.136 02781.493 02775.304 02809.581 02735.216 02700.422 02629.654 02743.772 02738.040 02748.251 02756.355 02739.452 02738.609 02728.088 02651.073 02636.463 02683.112 02472.404 02511.195 02478.504 29387.220 05326.920 01818.104
02770.619 02829.708 02796.382 03262.079 05026.479 03246.864 02813.909 02763.991 02821.685 02819.648 02817.601 02828.695 02816.052 02808.258 02774.438 02779.314 02789.714 02733.600 02751.245 02790.508 02770.967 02755.407 02762.893 02772.947 02743.118 02694.570 02767.378 02811.926 02744.719 02678.945 02688.147 02682.591 02678.550 02820.728 02820.471 02814.321 02707.543 02725.973 02813.622 02799.564 02781.171 02771.288 02793.622 02625.308 02631.042 02628.177 02636.162 02760.550 02742.879 02766.853 02746.379 02715.471 02736.645 02474.911 02572.222 02661.747 02492.762 02548.969 02462.555 11500.339 01193.468 01562.833
02715.667 02838.015 04315.400 07697.023 08752.463 02764.911 02688.199 02770.605 02812.085 02807.439 02811.348 02822.831 02742.046 02744.352 02773.759 02820.707 02781.389 02821.865 02807.090 02737.652 02701.889 02719.834 02736.312 02704.305 02672.376 02685.502 02690.911 02784.271 02681.004 02680.255 02722.111 02793.771 02679.606 02805.789 02816.606 02808.352 02799.835 02783.118 02790.403 02790.970 02784.437 02769.916 02785.741 02589.308 02640.463 02635.262 02648.518 02675.873 02747.255 02738.419 02694.555 02654.732 02659.510 02498.754 02669.363 02710.361 02619.454 02447.734 02550.447 02508.243 01517.952 01022.390
02817.632 02835.151 02742.896 08404.064 08450.153 05354.527 05197.321 03618.401 04265.314 03024.953 02798.665 02802.228 02613.060 02800.172 02785.705 02822.949 02810.607 02820.021 02816.635 02750.082 02766.842 02754.366 02734.233 02750.708 02663.282 02732.524 02754.223 02786.035 02782.031 02683.170 02680.939 02680.033 05190.914 02797.848 02814.436 02796.455 02776.986 02774.538 02772.712 02798.874 02807.352 02790.044 02817.108 03709.180 33420.181 02682.209 02662.601 02607.910 02653.374 02686.554 02607.514 02554.849 02570.599 02636.934 02675.773 02665.918 02706.922 02651.163 02609.170 02492.050 01794.469 03210.102
02817.243 02832.299 02812.301 02758.855 08345.770 02738.929 02649.357 05683.749 06903.780 03015.591 02787.879 02812.431 02785.540 02636.064 01851.408 01125.208 02819.876 02818.751 02817.365 02771.610 02756.764 02732.769 02731.726 02761.113 02680.256 02738.210 02801.975 02774.222 02800.054 02774.985 02687.021 02683.447 03866.015 02794.937 02813.842 02771.384 02775.165 02753.122 02754.596 02807.209 02817.023 02829.188 02794.400 07551.820 02574.681 02576.127 02633.324 03382.587 02604.610 02652.307 02603.556 02636.672 02648.390 02625.230 02621.588 02661.900 02635.524 02620.726 02583.648 02494.107 01444.796 01940.690
02813.894 02776.376 02797.078 02798.348 02663.233 02709.204 02632.703 02633.196 02672.174 02750.377 02788.118 02811.492 02527.442 02324.786 01633.207 02085.873 02819.812 02817.352 02820.003 02693.184 02724.569 02739.156 02724.019 02758.824 02747.944 02756.504 02813.781 02815.057 02706.633 02756.462 02802.795 02814.933 02788.417 02811.312 02806.979 02798.518 02775.320 02775.451 02761.485 02744.753 02816.238 02823.702 02829.556 03897.188 06189.784 02584.097 04452.308 02570.156 02578.878 02579.136 02620.384 02664.870 02684.939 02631.814 02650.443 02615.874 02632.615 02604.481 02552.236 02496.522 01027.615 01022.104
02788.106 02819.503 02816.228 02763.959 02694.174 02687.876 04468.995 02781.373 02789.887 02779.172 02795.587 02771.409 02809.222 02834.855 02318.975 01954.236 02816.776 02819.083 02821.192 02816.608 02802.608 02797.634 02815.653 02784.721 02815.654 02821.788 02822.826 02822.860 02816.160 02806.176 02824.297 02822.176 02821.519 02814.519 02817.053 02811.180 02810.575 02808.117 02802.913 02800.117 02814.133 02821.351 02828.239 02831.106 02747.168 03769.651 08492.328 50434.096 02580.704 02599.827 02679.816 02687.203 02684.002 02673.453 02637.169 02609.740 02607.629 02577.149 02546.131 02493.625 01861.434 01434.038
02675.960 02788.129 02801.636 02748.716 02733.368 03985.850 04527.215 02626.165 02835.086 02802.820 02774.551 02808.091 02821.229 02814.029 02815.914 02816.067 02818.483 02818.478 02821.983 02789.387 02815.986 02813.283 02799.444 02819.229 02820.747 02823.307 02821.553 02819.866 02818.806 02823.419 02824.672 02824.825 02787.876 02813.719 02823.098 02824.539 02823.807 02794.355 02798.485 02804.871 02819.627 02822.049 02827.276 02831.660 02704.724 02626.643 08490.275 08408.341 02583.527 02649.894 02676.643 02672.423 02758.713 02679.758 02653.402 02604.411 02595.204 02607.220 02522.459 02493.075 02376.066 03490.199
02716.506 02738.679 02772.558 02766.682 02781.074 02798.593 02918.115 02123.872 02806.748 02715.509 02814.245 02821.241 02821.903 02808.881 02815.410 02814.209 02820.715 02818.622 02821.855 02817.879 02812.069 02784.686 02784.776 02819.298 02820.744 02824.004 02820.383 02804.831 02813.299 02809.023 02824.652 02817.459 02693.127 02812.503 02823.940 02821.987 02793.212 02823.444 02811.407 02815.356 02816.831 02821.330 02797.368 02797.981 02802.161 02781.778 02816.338 08347.819 07876.155 03873.918 02638.764 02713.066 02796.259 02674.757 02610.663 02590.576 02592.260 02576.252 02512.890 02489.169 02476.463 02415.217
02650.507 02700.295 02735.258 02688.508 02870.990 03376.765 02799.313 02802.928 02584.183 02711.057 02734.115 02818.324 02820.698 02806.920 02819.333 02812.994 02805.331 02818.022 02796.182 02788.294 02783.413 02757.018 02749.029 02791.558 02749.007 02744.825 02781.378 02798.939 02699.197 02797.286 02820.982 02809.202 02772.677 02811.358 02790.200 02786.483 02779.744 02802.746 02794.758 02803.181 02815.668 02800.305 02802.328 02800.144 02806.610 02785.614 02782.809 08556.493 08613.917 02746.415 02785.818 02787.772 02792.248 02739.493 02591.247 02579.153 02521.588 02509.720 02499.083 02484.482 02467.703 02455.029
02776.537 02748.163 02702.807 02705.693 02703.798 02702.942 02756.275 02802.334 02804.219 02744.901 02802.644 02815.219 02819.619 02792.512 02823.046 02812.678 02789.090 02797.357 02757.329 02744.441 02746.734 02753.357 02759.965 02768.365 02750.288 02727.253 02777.552 02809.769 02798.385 02802.810 02815.606 02798.132 02810.472 03754.071 02820.192 02800.090 02770.033 02742.251 02770.854 02786.569 02787.641 02796.561 02798.151 02789.591 02786.712 02798.515 02814.537 06239.096 03732.712 02750.832 02778.486 02816.057 02817.414 02724.207 02612.318 02572.491 02491.943 02491.307 02487.309 02473.260 02466.114 02455.302
02775.198 02780.848 02793.681 02763.669 02762.755 02659.946 02719.774 02758.209 02746.347 02803.877 02809.038 02815.793 02819.186 02819.513 02808.998 02783.807 02763.149 02784.574 09156.465 27267.756 02708.189 02728.973 02743.254 02760.373 02770.864 02777.066 02778.437 02790.468 02798.433 02797.349 02803.812 02779.110 02819.078 02825.535 02955.523 02812.447 02794.360 02707.803 02722.932 02745.166 02766.383 02784.689 02794.775 02743.733 02778.719 02777.061 02802.693 03363.382 02824.217 02776.134 02790.889 02809.937 02746.702 02710.545 02624.373 02517.145 02480.720 02484.341 02482.532 02473.825 02466.143 02453.319
02808.354 02796.978 02804.789 02795.382 02790.981 03535.521 04982.239 02777.044 02700.615 02743.549 02783.055 02817.466 02817.314 02801.803 02812.842 02803.550 02781.758 02775.855 02809.329 02799.404 02775.129 02735.746 02781.209 02753.004 02777.037 02771.672 02780.677 02782.846 02746.693 02800.129 02802.345 02811.993 02833.026 02833.612 02801.173 02802.808 02757.901 02690.587 02795.630 02812.146 02748.523 02757.344 02816.151 02805.328 02775.386 02770.771 02761.953 02742.083 02811.078 02794.103 02815.011 02730.619 02705.298 02720.747 02605.103 02543.507 02519.721 02472.167 02482.457 02470.833 02465.519 02450.220
02805.557 02791.829 02765.742 02800.728 02745.831 05481.363 04196.570 02789.954 02808.502 02751.359 02783.069 02657.551 03050.878 02760.577 02805.842 02814.052 02764.592 02805.518 02799.627 01619.496 02494.622 02665.121 02401.110 02399.506 02745.429 02798.764 02777.167 02760.396 02745.197 02778.702 02823.700 02819.376 02801.625 02819.473 02764.085 02762.315 02728.325 02788.218 02805.882 02820.336 02827.650 02827.487 02810.145 02812.175 02776.847 02770.584 02763.136 02713.172 02775.194 02806.324 -9999.0 02704.277 02713.527 02650.308 02626.203 02559.434 02514.172 02480.470 02483.970 02468.995 02458.469 02442.671
02783.354 02728.378 02710.640 02730.028 02705.737 02693.694 02701.538 02775.275 02763.283 02780.427 02802.638 02727.994 05880.133 02888.399 06269.242 03842.760 02771.467 02792.152 02767.403 01877.319 02361.632 02389.129 02372.818 02433.364 02421.405 02769.220 02767.583 02722.893 02766.891 02783.833 02777.332 02828.026 02770.853 02770.122 02744.482 02704.182 02815.192 02812.612 02809.617 02807.293 02811.939 02825.352 02826.213 02794.964 02809.675 02782.159 02793.394 02780.926 02767.331 02719.128 02736.378 02703.555 02673.603 02683.255 02601.724 02552.850 02510.998 02487.739 02473.330 02461.817 02453.519 02447.319
02720.104 02684.836 02605.597 02482.177 02438.274 02416.152 02692.040 02712.112 02734.376 02805.935 02734.342 02741.600 03741.729 04819.786 06255.584 09822.900 02821.566 02719.207 01657.656 02229.913 01878.714 01872.006 02152.708 02443.432 02432.382 02440.943 02759.122 02752.326 02778.258 02664.366 02699.920 02817.300 02768.414 02808.565 02757.638 02744.815 02804.410 02825.071 02821.288 02819.456 02822.176 02823.548 02826.729 02759.301 02805.509 02759.300 02747.822 02786.054 02704.571 02697.675 02707.164 02688.422 02658.594 02621.268 02579.732 02525.001 02500.142 02485.756 02469.755 02462.539 02462.428 02603.935
04049.022 02386.026 02404.652 02408.055 02406.678 02403.914 02396.170 02716.937 02656.730 02794.211 02743.757 03483.935 02194.055 05195.222 06798.453 06776.260 07788.915 02954.782 02732.263 02764.379 01911.901 01011.019 02412.707 02449.377 02434.773 02426.729 02702.866 02745.905 02798.664 02598.385 02680.456 02766.183 02788.792 02822.688 02797.378 02720.881 02827.576 02825.440 02823.179 02822.201 02822.409 02823.372 02826.968 02758.989 02768.951 02788.176 02763.439 03170.405 02638.039 02649.896 02677.201 02649.865 02592.871 02559.195 02532.707 02505.519 02493.246 02476.191 02465.288 02473.422 02465.390 02448.464
07198.920 02412.075 02421.844 02422.055 02419.070 02413.564 02392.184 02746.021 02730.509 02799.284 02790.908 02744.057 03598.346 05965.054 05296.623 04864.001 04513.186 04402.751 03346.964 03346.278 02227.152 01010.858 02456.913 02451.561 02434.982 02402.029 02664.204 02735.126 02737.001 02748.104 02711.526 02760.321 02817.171 02816.184 02813.054 02819.802 02825.253 02823.112 02823.140 02822.910 02822.349 02823.356 02814.606 02794.717 02768.216 02696.898 06187.024 07435.340 02582.258 02659.645 02582.936 02536.862 02533.816 02525.436 02502.304 02491.734 02481.945 02469.855 02486.785 02562.773 02474.783 04055.850
02434.650 02426.967 02431.889 02435.838 02428.889 02431.588 02402.349 02710.116 02770.269 02777.140 02745.574 02760.867 02810.550 04418.349 02817.472 02756.950 02756.539 02707.626 03082.255 07120.682 02604.201 01233.280 02458.755 02449.647 02433.005 02746.866 02753.350 02654.048 02635.485 02677.308 02806.760 02804.496 36681.977 04333.845 02820.008 02823.372 02824.996 02826.739 02772.606 02772.557 02820.030 02821.630 02825.534 02807.128 02718.718 02633.746 02622.555 06116.716 02582.830 02557.759 02535.031 02515.729 02507.604 02485.346 02486.826 02476.427 02470.120 02481.923 02496.972 02807.487 05195.899 07613.612
02445.829 02447.781 02454.744 02452.390 02443.459 02436.064 02418.331 02648.196 02772.615 02799.059 02749.049 02760.445 02670.387 02642.765 02630.976 02680.588 02675.536 02672.204 02678.339 03240.730 05019.573 02347.783 02441.250 02399.205 02393.141 02758.297 02688.979 02755.918 02848.124 02664.872 02800.714 02814.842 30227.365 05201.230 02821.812 02824.048 02825.916 02823.545 02813.993 02628.703 02806.487 02718.808 02817.947 02719.840 02656.404 06753.225 03625.987 06711.342 02564.429 05043.770 02512.352 02507.131 02500.767 02494.121 02475.477 02456.661 02479.360 02493.390 02497.730 02756.732 07556.383 06689.330
02442.370 02458.951 02461.816 02456.201 02449.292 02437.861 02418.231 02685.524 02770.811 02763.227 02684.900 02718.319 02641.294 02662.781 02675.464 02715.888 02746.578 02771.969 02704.740 02432.231 02454.185 03836.430 02425.908 02419.712 02413.932 02571.324 02658.242 02722.636 05549.168 04508.854 02800.890 02808.513 08870.706 06428.353 03929.047 02817.838 02784.154 02778.849 02785.887 02746.615 02682.016 02787.196 02799.935 02739.841 02645.140 07840.708 02944.066 08105.032 04741.115 02502.741 02513.889 02521.622 02519.583 02506.805 02495.256 02486.610 02487.578 02500.348 02516.283 02515.597 02682.809 07864.843
02419.587 02432.157 02458.642 02462.075 02452.144 02437.370 04291.043 02734.365 02678.616 02782.680 02770.745 02656.233 02704.118 02720.011 02700.876 02747.700 02786.915 02736.326 02733.740 01484.285 00999.394 02440.325 02436.502 02429.855 02414.640 02385.874 02657.174 02625.565 05928.061 03235.747 02776.020 02774.510 02764.671 04845.556 02667.656 02808.404 02781.390 02708.813 02729.400 02704.696 02705.869 02712.405 02655.890 02648.288 02584.157 02623.748 02623.060 07124.196 02615.280 02497.193 02537.067 02542.046 02524.462 02517.979 02501.110 02491.189 02498.864 02515.182 02523.387 02592.248 03287.869 06345.247
02355.915 02406.209 02470.827 02465.462 02453.175 02437.510 08304.074 08377.793 08629.696 04344.140 02744.067 02713.481 04354.929 04286.511 02684.918 02660.184 02596.105 02542.355 02820.427 02436.782 02446.185 02450.225 02442.411 02431.397 02397.733 02663.556 02699.225 02581.893 02565.466 02716.628 02732.445 02749.741 02664.310 02673.324 03025.683 04339.025 02649.769 02715.256 02654.660 02657.672 02670.333 02614.737 02590.334 02570.321 02552.179 06654.066 03115.627 03465.478 03353.881 02502.184 02559.287 02550.401 02527.694 02517.340 02506.080 02487.124 02517.980 02528.565 02539.963 03530.791 06586.173 05652.847
02483.973 02458.912 02472.884 02466.751 02452.756 03961.684 07606.603 05564.088 07543.106 03498.273 02694.704 02686.574 02765.827 08327.368 03312.362 03809.323 06625.906 07332.640 02441.544 02450.484 08965.768 02524.541 02440.351 02092.895 02284.457 02644.242 02594.501 02546.134 02590.912 02646.865 02730.429 02754.487 02667.147 02668.415 07256.152 02769.570 02677.546 02645.555 02624.891 02598.320 02571.361 02563.423 02538.667 06606.195 07967.339 07665.348 03023.248 03930.279 08015.777 02523.663 02572.584 02551.778 02522.336 02511.606 02488.212 02491.229 02535.115 03135.913 02561.665 03459.210 07117.396 08336.007
