Supplementary_Data/FB_x64/TestFarsite/SampleData/Outputs/test_ReactionIntensity.asc
NCOLS 401
NROWS 476
XLLCORNER -5994.000000
YLLCORNER -7142.000000
CELLSIZE 30.000000
NODATA_VALUE -9999.0
[rows 224 to 251 of 476, columns 186 to 247 of 401]
00218.468 00181.528 00157.366 01069.286 00867.356 01135.236 01223.468 01205.119 00482.191 00279.432 00384.469 00300.492 00249.124 00154.952 01101.892 00175.492 00176.796 00167.693 00167.583 00171.343 00163.663 00151.227 00185.139 00166.640 00165.532 00728.850 00785.769 00198.340 00332.677 00246.777 00370.225 00692.912 00192.390 00183.878 00273.119 -9999.0 00262.217 00258.943 00266.293 00242.779 00192.563 00259.165 00179.192 00228.343 00178.149 00227.326 00259.358 00242.060 00172.115 00153.239 00484.907 -9999.0 00164.749 00207.637 00215.375 00240.411 00271.439 00190.310 00150.585 00162.153 00165.994 00142.838
00775.674 01131.403 01255.747 01257.283 00427.559 01218.187 00153.661 00145.619 00153.583 01207.657 00182.753 00770.373 00483.020 00152.094 00154.282 00658.384 00172.308 00155.797 00122.064 00704.409 00202.225 00182.802 00149.923 00787.376 00553.295 00575.363 00194.721 00934.896 00240.189 00246.041 00232.426 00698.902 01055.229 00160.635 00968.139 -9999.0 00227.140 00235.241 00245.488 00268.149 00288.120 00257.175 00227.178 00206.336 00254.811 00232.254 00263.387 00175.928 00163.576 00173.057 00151.772 01236.694 00505.847 00293.583 00221.616 00247.436 00202.174 00151.523 00189.089 00104.124 00091.912 00194.229
00480.195 00170.564 01066.640 00159.315 00151.647 00152.175 00472.517 00146.056 00230.378 01209.101 00154.318 01195.429 00153.928 00150.961 00154.045 00153.932 00165.583 00175.033 00815.807 00164.514 00169.206 00389.592 00727.050 00290.172 00257.478 00503.846 00346.859 00244.681 00217.297 00245.850 00263.019 00386.140 00575.867 00198.585 -9999.0 -9999.0 00722.895 00711.880 00272.333 00396.551 00820.822 00243.866 00225.429 00191.894 00260.128 00240.305 00226.118 00206.494 00149.432 00185.734 00966.865 00226.842 00243.156 00227.326 00269.251 00167.821 00182.080 00148.125 00144.579 00102.764 00113.905 -9999.0
00490.237 00101.295 00158.985 00167.375 00157.276 00151.731 00154.254 00147.666 00150.145 00151.204 01200.229 00767.769 00537.284 00194.141 00153.394 00153.697 00574.795 00510.915 00159.727 00157.181 00291.674 00184.481 00265.338 00302.967 00383.855 00285.437 00432.873 00193.573 00693.750 00223.734 00223.660 00259.273 00429.556 00157.577 -9999.0 00070.745 00272.831 00231.060 00227.573 00246.755 00272.964 00247.935 00244.847 00231.105 00229.540 00143.490 00118.362 00157.881 00162.648 00592.040 00244.375 00249.819 00165.846 00154.297 00148.030 00177.913 00147.368 00142.670 00140.337 00275.687 -9999.0 -9999.0
00160.849 00165.836 00203.060 01315.218 00152.124 00155.919 00153.954 00150.346 00152.309 00151.371 01203.039 01199.139 00156.750 00279.959 00144.284 00489.436 00553.882 00155.418 00152.009 00150.669 00186.663 00573.486 00554.103 00584.305 00420.679 00417.289 00913.576 00191.458 00586.731 00270.633 00242.584 00245.544 00370.049 01065.289 00000.000 00196.816 00268.079 00182.473 00242.091 00266.823 00227.140 00152.211 00266.127 00269.936 00162.868 00160.976 01003.283 -9999.0 00205.917 00689.440 00863.723 00146.190 00150.456 00159.336 00157.402 00148.814 -9999.0 00619.447 -9999.0 -9999.0 -9999.0 -9999.0
00157.879 00811.497 00196.238 00150.066 00155.591 00160.817 00153.663 00146.320 00146.486 00151.345 01203.556 01224.517 01059.026 00244.469 00159.139 00164.580 00155.916 00150.955 00942.334 00579.725 00583.467 00587.721 00589.549 00599.569 00248.833 00323.172 00304.957 00978.600 00624.603 00195.632 00226.010 00246.407 01101.861 00636.682 00369.510 00251.735 00265.893 00273.616 00216.486 00172.440 00157.571 00765.438 00153.870 00155.745 00617.422 00182.344 00163.937 -9999.0 00166.990 00348.379 00211.191 00152.167 00144.410 00179.118 00187.497 00171.478 00146.360 00155.051 -9999.0 -9999.0 -9999.0 -9999.0
00167.072 01048.239 00152.698 00145.407 00150.551 00153.342 00145.606 00149.760 00149.709 00152.684 01214.646 01221.436 00155.406 00326.657 00159.812 00160.298 00157.632 00941.970 00588.975 00598.286 00606.194 00587.459 00206.527 00546.266 00479.871 00497.028 00244.940 00685.376 00240.026 00261.342 00270.113 01024.182 00214.773 00202.889 00271.489 00279.633 00193.352 00178.251 00152.028 00207.089 -9999.0 00792.333 00696.636 00815.894 00159.832 00436.812 00863.572 00396.530 00254.877 00394.341 00789.950 00149.354 00157.369 00154.910 00185.329 00167.183 00167.244 00291.117 -9999.0 -9999.0 -9999.0 -9999.0
00178.494 00423.953 00183.674 00151.529 00151.099 00150.460 00149.703 00153.948 00150.087 00406.166 01212.650 01219.786 00439.411 00282.425 00145.530 00158.221 00151.856 00589.014 00607.819 00244.465 00434.552 00385.189 00561.472 00460.221 00287.630 00143.823 00935.483 -9999.0 -9999.0 -9999.0 00155.772 00185.071 00249.325 00319.737 00341.413 00269.243 00248.850 00287.367 00242.316 00129.668 01026.021 00000.000 00144.174 00164.227 00599.877 00250.686 00820.234 00579.424 00247.372 00000.000 00188.148 00157.204 00150.745 00154.328 00198.484 00586.568 00166.508 00160.468 -9999.0 -9999.0 -9999.0 -9999.0
00551.510 00257.284 00155.117 00154.540 00152.251 00151.345 00145.991 00150.373 00152.002 00153.820 01236.293 01217.764 01247.306 00155.109 00150.586 00144.172 00475.519 00609.048 00433.906 00321.016 00572.307 00204.343 -9999.0 00478.422 00550.071 00159.213 -9999.0 -9999.0 -9999.0 -9999.0 00020.617 00285.372 00232.374 00390.260 00194.141 00220.567 00185.543 00234.097 00270.475 00165.155 00186.809 00852.602 00216.173 00440.006 00301.517 00440.476 00613.640 00235.286 -9999.0 00000.000 00186.958 00145.368 00196.627 00196.640 00455.489 00164.085 00150.043 -9999.0 -9999.0 -9999.0 -9999.0 -9999.0
01162.009 01292.527 00262.682 00299.224 00154.362 00313.039 00146.544 00150.102 00152.462 00258.747 01225.004 01239.121 00655.604 00201.930 00428.148 00371.455 00597.107 00540.059 00263.417 00503.502 00253.631 00098.140 00264.893 00256.058 00921.899 00261.146 -9999.0 -9999.0 -9999.0 -9999.0 00263.287 00237.216 01011.560 00345.088 00234.779 00241.155 00236.816 00239.267 00235.974 00174.754 00152.894 00170.433 00478.370 00808.016 01022.036 00865.889 00424.499 00843.293 00217.366 00125.667 -9999.0 -9999.0 00184.801 00180.202 00153.550 00524.857 -9999.0 -9999.0 -9999.0 -9999.0 -9999.0 -9999.0
00446.089 01309.271 01250.617 01211.817 00789.286 00583.985 00151.518 00150.996 00314.979 01225.287 01238.503 00433.122 00595.156 00156.421 00154.850 00359.465 00610.037 00608.810 00445.188 00458.540 00288.304 00226.047 00239.736 00295.894 00201.386 00018.543 -9999.0 00194.831 00271.796 -9999.0 00070.694 00210.800 00214.956 00310.331 00229.818 00278.139 00262.638 00227.119 00203.668 00164.050 00188.328 00168.150 00171.511 00152.495 00578.692 00620.710 00666.494 00854.951 00234.352 00180.792 -9999.0 -9999.0 -9999.0 -9999.0 -9999.0 -9999.0 -9999.0 -9999.0 -9999.0 -9999.0 -9999.0 -9999.0
01257.334 00199.176 00366.724 01053.138 01207.243 01073.437 00266.826 00155.144 01234.295 01251.303 01220.514 01039.073 01211.324 00461.216 00154.060 00191.864 00715.073 00881.720 00384.887 01001.204 00207.896 -9999.0 00245.111 00260.094 00231.961 00191.922 00242.751 00402.975 00241.563 00235.873 00232.565 00237.599 00816.463 00206.111 00275.674 00262.865 00252.283 00245.025 00213.231 00221.234 00198.697 00148.563 00155.561 00167.383 00947.497 00387.180 00970.066 00216.277 00211.661 00207.032 -9999.0 -9999.0 -9999.0 -9999.0 -9999.0 -9999.0 -9999.0 -9999.0 -9999.0 -9999.0 -9999.0 -9999.0
00582.485 00884.429 00398.453 00195.048 00838.238 00969.925 01206.640 01239.520 01248.128 01238.321 01212.158 01240.866 01048.431 00821.231 00395.042 00123.904 00363.573 00495.182 -9999.0 -9999.0 -9999.0 00089.293 00200.880 00283.435 00741.899 00213.815 00501.952 00611.331 00483.236 00229.425 00263.649 00236.174 00234.920 00367.056 00231.407 00224.908 00252.293 00176.887 00158.348 00151.317 00148.949 00200.698 00213.159 00201.935 00531.222 00444.787 00239.562 00212.771 00224.572 00218.174 -9999.0 -9999.0 -9999.0 -9999.0 -9999.0 -9999.0 -9999.0 -9999.0 -9999.0 -9999.0 -9999.0 -9999.0
01090.639 00516.569 00182.112 00592.175 00174.791 00255.259 01209.703 01264.827 01084.654 01232.665 01206.214 00748.663 00180.152 00186.993 00203.085 00574.001 00366.267 00595.506 -9999.0 -9999.0 00239.449 00409.241 00278.221 00236.840 00914.065 00224.372 00722.774 00401.769 00241.867 00288.523 00265.866 00188.996 00224.841 00437.407 00230.822 00217.631 00246.836 00190.089 00209.591 00212.779 00169.178 00175.101 00145.664 00154.123 01057.797 00523.790 00251.348 00213.933 00212.700 00178.705 00029.055 -9999.0 -9999.0 -9999.0 -9999.0 -9999.0 -9999.0 -9999.0 -9999.0 -9999.0 -9999.0 -9999.0
00610.390 00344.897 00689.895 00341.335 00157.102 00179.894 00418.422 01267.941 00219.789 00105.946 00159.702 00174.573 00297.097 00456.154 00574.598 00253.277 00216.370 00190.995 -9999.0 -9999.0 -9999.0 00239.532 00257.702 00241.621 00263.767 00273.013 00279.989 00233.965 -9999.0 00271.885 00251.024 00282.345 00289.771 00196.014 00218.988 00254.673 00263.422 00147.801 00233.060 00224.129 00188.454 00195.731 00150.439 00242.645 00852.278 00532.701 00210.918 00200.112 00152.600 00165.728 00126.522 -9999.0 -9999.0 -9999.0 -9999.0 -9999.0 -9999.0 -9999.0 -9999.0 -9999.0 -9999.0 -9999.0
01150.379 00244.567 00223.072 00164.362 00341.354 00960.260 00845.884 00154.442 00420.307 00631.926 00197.513 00207.766 00687.178 00179.849 00184.241 00208.168 00859.049 00191.068 00407.898 00765.864 00037.389 00822.394 00236.945 00935.588 00242.867 00267.812 00231.833 00451.675 00110.028 00179.265 00884.061 00729.740 00547.789 00253.257 00245.777 00250.419 00187.587 00253.080 00256.858 00154.156 00216.499 00204.086 00199.837 00863.077 00254.066 00240.729 00249.766 00235.628 00170.594 00173.744 00167.647 00184.479 00094.290 -9999.0 -9999.0 -9999.0 -9999.0 -9999.0 -9999.0 -9999.0 -9999.0 -9999.0
00275.545 01034.113 00196.416 00555.890 00810.190 00764.047 00213.553 00478.560 00586.395 00211.712 00491.477 00279.802 00184.276 00267.640 00245.340 00230.805 00946.821 00276.244 00791.167 00346.960 00302.052 00587.985 00270.200 00226.567 00239.791 00252.921 00270.770 00257.289 00223.579 00700.483 00251.078 00221.580 00235.989 00257.208 00251.800 00231.812 00248.252 00246.618 00149.974 00155.041 00156.144 00161.245 00706.654 00156.664 00195.971 00186.084 00148.624 00175.439 00148.094 00178.994 00189.662 00195.317 00278.555 -9999.0 -9999.0 -9999.0 -9999.0 -9999.0 -9999.0 -9999.0 -9999.0 -9999.0
00841.022 00651.224 00157.295 00157.393 00947.946 00775.506 00370.195 01032.763 01182.237 00576.279 00145.775 00684.464 00600.444 00216.271 00524.938 00278.268 00618.279 00245.088 00276.064 00251.739 00224.993 00215.438 00277.785 01008.121 00407.712 00263.631 00226.814 00440.320 00824.750 00249.362 00253.486 00181.382 00261.797 00246.841 00235.597 00257.989 00257.091 00175.317 00190.088 00181.493 00147.434 00161.249 00218.954 00147.310 00738.013 00788.119 00199.269 00150.542 00148.433 00168.745 00202.735 00193.755 00647.024 -9999.0 -9999.0 -9999.0 -9999.0 -9999.0 -9999.0 -9999.0 -9999.0 -9999.0
00168.879 00235.361 00214.006 00193.845 00157.231 00639.388 00743.220 00684.072 01022.960 00342.318 00146.217 00233.823 00154.974 00267.574 00215.821 00178.168 00178.192 00178.182 00180.453 00221.950 00193.844 00217.200 00202.221 00271.393 00236.834 00253.039 00263.199 00278.534 00255.512 00252.804 00413.072 00253.692 00253.267 00197.543 00177.690 00151.673 00164.198 00172.635 00285.975 00347.486 00432.743 00185.635 00218.363 00232.697 00224.742 00235.129 00155.214 00192.757 00170.228 00194.971 00198.094 00194.800 00144.208 -9999.0 -9999.0 -9999.0 -9999.0 -9999.0 -9999.0 -9999.0 -9999.0 -9999.0
00218.882 00176.735 00210.878 00952.099 00208.617 00747.283 00195.424 00442.632 00397.350 00579.149 00409.946 01037.358 00606.452 00216.306 00178.191 00176.116 00178.185 00195.483 00214.649 00188.144 00178.175 00220.897 00226.536 00267.472 00224.871 00224.910 00196.783 00242.777 00280.177 00231.025 00231.723 00237.790 00249.208 00231.819 00225.325 00203.592 00148.359 00215.299 00289.633 00757.077 00230.289 00449.254 00208.042 00167.892 00194.578 00216.713 00141.930 00144.980 00171.802 00153.784 00194.392 00192.378 -9999.0 -9999.0 -9999.0 -9999.0 -9999.0 -9999.0 -9999.0 -9999.0 -9999.0 -9999.0
00941.157 00161.148 00155.876 00332.496 00475.831 00471.369 00734.246 00404.541 00505.548 00375.224 00419.361 00178.721 00611.510 00554.180 00178.164 00176.646 00182.752 00224.902 00224.877 00178.143 00208.922 00223.791 00419.331 00249.651 00224.882 00224.392 00193.076 00260.443 00362.939 00279.142 00277.520 00265.889 00240.576 00283.653 00162.988 00163.949 00199.734 00153.287 00916.451 00654.967 00415.655 00223.460 00389.926 00185.487 00232.828 00200.140 00186.059 00187.342 00179.389 00166.812 00196.440 -9999.0 -9999.0 -9999.0 -9999.0 -9999.0 -9999.0 -9999.0 -9999.0 -9999.0 -9999.0 -9999.0
00511.415 01161.594 00170.610 01015.963 00816.071 00250.647 00346.675 00480.155 00456.713 00572.640 00579.873 01202.691 00224.025 00178.185 00177.313 00176.526 00222.305 00224.872 00187.030 00191.409 00214.594 00227.411 00213.127 00349.334 00224.897 00222.741 00250.855 00230.999 00248.785 00262.107 00264.398 00260.158 00435.321 00267.670 00719.336 00170.039 00170.122 00270.330 00283.500 00485.215 00154.549 00157.086 00462.256 00810.032 00236.994 00168.533 00179.115 00196.209 00204.147 00158.909 00141.658 -9999.0 -9999.0 -9999.0 -9999.0 -9999.0 -9999.0 -9999.0 -9999.0 -9999.0 -9999.0 -9999.0
00780.012 00752.976 00289.503 00786.836 00442.202 01273.002 00389.495 00282.481 00144.480 00190.055 00455.993 00837.967 00178.189 00178.173 00178.185 00218.988 00262.431 00258.529 00005.439 00138.776 00221.195 00222.066 00223.751 00228.366 00183.782 00248.401 00286.224 00282.188 00282.524 00412.243 00268.639 00227.287 00374.458 00149.487 00146.158 00154.242 00166.140 00637.067 00153.490 00163.722 00146.148 01033.813 00235.307 00919.421 00166.697 00152.697 00142.451 00157.395 00162.430 00172.003 -9999.0 -9999.0 -9999.0 -9999.0 -9999.0 -9999.0 -9999.0 -9999.0 -9999.0 -9999.0 -9999.0 -9999.0
00931.499 00366.479 00567.093 00606.294 00191.735 00362.729 00286.564 00276.268 00891.708 00201.483 01064.953 00259.668 00178.166 00338.833 00178.192 00178.191 00230.458 00283.128 00198.508 00053.186 00207.624 00177.842 00197.049 00223.002 00213.628 00183.745 00278.688 00334.196 00229.402 00324.894 00215.600 00420.958 00295.749 00229.066 00163.969 00170.862 00149.924 00164.036 00177.502 00180.356 01054.968 00695.431 00549.262 00202.390 00146.166 00171.302 00145.783 00148.917 00165.547 00156.717 -9999.0 -9999.0 -9999.0 -9999.0 -9999.0 -9999.0 -9999.0 -9999.0 -9999.0 -9999.0 -9999.0 -9999.0
00429.863 00147.735 00147.792 00148.390 00467.863 00503.540 00254.948 00527.735 00757.808 00198.078 00649.420 00210.653 00178.190 00612.928 00401.415 00198.964 00248.191 00243.373 00182.916 00227.913 00183.097 00195.909 00227.367 00221.960 00179.349 00362.449 00381.905 00288.182 00262.458 00384.468 00440.980 00319.147 00321.584 00287.662 00403.443 00153.996 00161.294 00183.823 00174.814 00154.736 00706.114 00187.479 00214.094 00200.402 00154.116 00143.779 00149.764 00143.224 00177.045 00192.664 00151.007 -9999.0 -9999.0 -9999.0 -9999.0 -9999.0 -9999.0 -9999.0 -9999.0 -9999.0 -9999.0 -9999.0
00147.499 00250.926 00147.564 00163.124 00484.282 00664.103 00215.699 00177.594 00252.526 00178.566 00278.979 00769.393 00220.989 00392.656 00277.833 00441.082 00273.580 00254.388 00224.858 00228.728 00213.981 00197.032 00227.519 00298.865 00226.603 00226.339 00265.885 00257.451 00247.305 00233.001 00298.864 00299.032 00330.441 00398.027 00187.279 00204.337 00402.200 00188.821 00163.876 00863.166 00355.999 00222.330 00337.838 00280.534 00183.011 00179.783 00308.773 00152.016 00147.554 00147.135 00181.269 -9999.0 -9999.0 -9999.0 -9999.0 -9999.0 -9999.0 -9999.0 -9999.0 -9999.0 -9999.0 -9999.0
00155.052 00157.327 00322.438 00356.695 00197.157 00322.328 00238.171 00231.762 00399.817 01136.599 00793.691 00354.647 00269.537 00212.255 00248.459 00650.741 00177.912 00192.272 00221.716 00233.847 00198.690 00224.871 00219.043 00297.707 00249.871 00253.988 00402.744 00250.931 00242.222 00230.170 00259.652 00228.335 00338.890 00230.692 00187.135 00171.016 00258.580 00213.110 00797.020 00285.655 00148.455 00154.434 00189.224 00190.995 00148.513 00149.879 00178.537 00176.971 00165.159 00141.460 00028.727 -9999.0 -9999.0 -9999.0 -9999.0 -9999.0 -9999.0 -9999.0 -9999.0 -9999.0 -9999.0 -9999.0
01066.700 00599.693 00155.716 00486.160 00496.402 00176.683 00817.007 00182.839 00245.135 00188.302 00275.757 00282.854 00280.450 00276.292 00228.105 00234.822 00234.763 00215.438 00234.777 00193.796 00221.136 00216.857 00247.360 00218.468 00352.277 00441.835 00313.233 00254.131 00243.743 00273.737 00257.806 00232.468 00317.122 00224.941 00160.530 00157.575 00205.947 00628.235 00362.506 00385.889 00155.756 00381.799 00221.713 00152.514 00149.372 00152.102 00144.469 00153.680 00176.592 00192.410 00117.839 -9999.0 -9999.0 -9999.0 -9999.0 -9999.0 -9999.0 -9999.0 -9999.0 -9999.0 -9999.0 -9999.0
