Supplementary_Data/FB_x64/TestFarsite/SampleData/Outputs/test_ReactionIntensity.asc
NCOLS 401
NROWS 476
XLLCORNER -5994.000000
YLLCORNER -7142.000000
CELLSIZE 30.000000
NODATA_VALUE -9999.0
[rows 196 to 223 of 476, columns 62 to 123 of 401]
00295.605 00556.742 00556.499 00521.549 00775.606 00644.858 00712.218 00729.290 00704.500 00343.700 00205.810 00609.266 00213.622 00184.750 00607.659 00609.736 01320.067 00607.564 00601.270 00598.690 00603.453 00556.746 00210.833 00202.321 00229.431 00211.076 00184.194 00216.687 00265.379 01084.119 00608.549 00605.143 00597.781 00588.142 00570.622 00571.192 00537.129 00352.052 00639.701 00640.074 00640.397 00513.071 00899.490 00896.047 00495.963 00765.146 00619.961 00380.417 00324.763 00556.551 00610.412 00415.577 00477.080 00542.262 00233.637 00260.300 00228.478 00275.924 00390.591 00521.421 00223.198 00320.870
00290.183 00616.390 00577.368 00347.691 00832.079 00653.039 00651.929 00653.004 00149.695 00577.159 00574.817 00572.577 00587.899 00604.059 00696.549 01322.618 01253.581 01305.871 01097.063 00603.764 00410.371 00323.859 00634.594 00602.354 00210.100 00755.065 00167.188 00164.129 00491.166 00495.334 00270.192 00347.334 00588.644 00503.291 00580.757 01099.589 00338.021 00824.313 00610.753 00638.209 00458.378 00884.987 00573.044 00214.198 00591.029 00603.192 00378.552 00556.934 00462.952 00562.602 00801.973 00422.902 00681.921 00750.862 00503.839 00259.659 00249.742 00272.657 00525.354 00445.453 01119.575 00909.014
01525.907 00527.296 00432.009 00639.228 00360.271 00652.457 00803.181 00942.450 01047.380 00620.725 00809.758 00910.941 00602.899 00627.150 01061.667 01323.771 00843.666 01049.227 00940.302 00414.644 00511.827 00590.625 00653.114 01075.408 00218.665 00158.135 00326.757 00617.019 00460.838 00328.243 00439.493 00588.332 00570.776 00748.347 00392.232 00274.995 00401.592 00680.268 00629.402 00301.840 00922.882 00589.588 00224.768 00496.109 00537.572 00464.508 00214.839 00370.481 00586.515 00972.783 00377.691 00768.883 00241.802 00466.959 00408.106 00443.269 00602.454 00639.329 00284.668 01125.326 00631.238 00508.424
00300.839 00545.394 00511.580 00477.156 00894.065 00432.754 00654.910 01110.453 00151.958 00720.726 00834.345 00979.584 00592.857 01089.602 00607.036 01323.500 00318.563 00467.352 00952.230 00610.669 00199.409 00309.955 00909.543 00425.222 00274.778 00192.548 00214.007 00616.053 00595.055 00272.145 00240.683 00584.893 00914.557 00932.606 00799.194 00971.107 00440.569 00407.709 00504.854 00223.054 00752.281 00527.343 00569.484 00498.333 00288.260 00381.408 00878.277 00597.923 00579.197 00375.334 00610.218 00355.676 00408.723 01004.829 01129.967 00263.848 00254.918 00384.272 00835.753 00181.423 00589.750 00326.738
00304.001 00586.915 00235.583 00550.314 00684.298 00708.404 01157.250 00520.120 00477.682 00398.210 00527.184 00581.357 00587.946 00524.944 00308.746 00611.641 00693.855 00417.752 00361.989 00154.009 00815.029 00183.260 00168.798 00559.333 00402.200 00213.987 00174.219 00605.095 00273.875 00225.150 00944.735 00577.225 00445.317 00349.886 00301.410 01130.815 00584.937 00318.870 00237.671 00320.054 00346.142 00276.750 00270.053 00805.850 00616.152 00556.575 00331.496 00552.624 01062.687 00927.946 01031.382 00884.777 00767.227 00851.370 01117.635 01032.082 00928.165 00953.744 00328.405 00866.399 00226.904 00228.633
00302.235 00999.553 00865.888 00327.357 00653.652 00857.559 01271.675 00756.977 00556.447 00643.772 00393.109 01166.149 00324.830 00575.217 00596.355 00600.216 00915.308 00201.813 01037.137 00204.942 01040.574 00532.714 00875.236 00160.965 00192.780 00170.394 00601.716 00582.033 01036.059 00580.922 00759.583 01078.403 01168.423 00286.229 00727.767 00235.059 00334.825 00869.906 00692.844 01165.422 00442.449 00217.117 00544.055 00486.084 00530.437 00630.645 00864.698 00356.961 00679.190 00467.854 00652.246 00363.736 00526.492 00863.294 00829.478 00972.097 00658.762 00191.707 00231.555 00226.862 00255.350 00525.343
00296.691 00551.086 00327.544 00510.927 00643.861 01225.773 01278.128 00862.894 00867.495 00327.722 00552.182 00326.918 01149.226 00719.616 00336.234 00578.925 00595.908 00670.104 00621.480 00511.318 00243.313 01407.478 01051.244 01060.994 00444.887 00227.894 00939.888 00592.323 00565.092 00748.544 00621.826 00229.884 00249.840 00512.803 00692.170 01005.071 00734.654 01046.308 00980.142 00343.749 00579.468 00433.966 00901.527 00516.702 00385.726 00249.360 00709.134 00437.764 01033.837 00285.679 00205.685 00913.825 00305.036 00282.160 00299.187 00648.285 00444.253 00276.054 00271.545 00235.761 00263.157 00894.517
00327.842 00305.042 00302.542 00270.232 00445.785 01299.327 00593.443 00533.116 00730.267 01202.925 00357.749 00292.419 00514.960 00591.347 00576.184 00586.747 00587.396 00611.002 00625.662 00299.846 00626.934 01158.791 01096.335 01234.954 00647.331 00370.060 00168.697 00608.747 00598.260 00580.695 00778.726 00289.883 00785.805 00604.600 00988.594 00614.811 00779.736 00226.874 00269.110 00430.582 00423.781 00797.644 01103.080 01039.434 00310.765 00754.156 00469.437 00993.807 01125.776 00778.831 00177.409 00565.267 00416.399 00218.361 00338.767 00352.924 00209.750 00259.998 00451.059 00215.028 00791.132 00986.552
00873.403 00324.267 00547.345 01008.996 00547.043 00846.834 01025.381 01348.692 00619.589 00332.559 00330.152 00581.891 00454.969 00599.571 00434.734 00302.526 00379.059 00606.699 01174.607 01263.787 00596.030 00636.680 01033.966 00700.801 00755.134 00474.484 00471.701 00389.329 00407.766 00597.860 00589.889 00673.925 00317.279 00410.423 00498.836 00602.002 00420.672 00208.584 00419.654 00209.143 00252.709 00520.293 00310.276 00510.059 00279.275 00265.956 00473.380 00294.825 00310.429 00985.489 00203.752 00631.072 00285.545 00217.600 00936.349 00516.860 00250.674 00249.349 00544.578 00959.642 00231.264 00959.008
00637.576 00860.820 00621.533 00653.141 00693.401 00705.781 00330.096 00301.604 00515.463 00417.798 00423.915 00510.203 00290.333 00512.177 01005.129 00291.420 00401.626 00610.664 00642.211 00372.105 00315.160 00635.599 00827.360 00738.443 00588.212 00637.319 00197.963 00619.568 00629.934 00616.328 00600.350 00579.004 00681.388 00527.053 00648.661 00559.251 00828.764 00628.562 00607.585 00649.430 00825.442 00660.203 00319.469 00745.149 00651.675 00887.299 00524.154 00552.378 00575.952 00219.047 00154.410 00639.022 00929.731 01071.894 00708.893 00261.308 00247.593 00220.181 00714.485 00683.873 00228.048 00683.668
00763.647 00934.414 00572.636 00295.345 00870.954 00583.578 00431.982 00295.002 00381.020 00319.916 01543.741 00176.814 01033.276 00327.155 00598.970 00513.864 00582.580 00611.778 00632.139 00486.456 00597.437 00363.902 00638.130 00394.339 00527.680 00589.189 00625.543 00631.516 00625.033 00621.859 00599.038 00583.143 00654.313 00317.749 00386.069 00571.613 00571.778 00570.011 00561.027 00573.388 00574.438 00573.160 00570.794 00647.755 00163.163 00990.212 00886.408 00622.881 00429.572 00533.773 00158.191 00633.196 00358.792 01096.007 00257.934 00227.040 00257.926 00251.237 00326.145 00266.726 00678.101 00180.805
00262.394 00293.156 00567.437 01108.966 00285.693 00632.447 00304.427 00295.891 00280.985 00500.823 00309.010 00285.514 00279.403 00297.125 00266.146 00712.555 01042.822 00561.838 00291.719 00465.511 00635.077 00634.795 00640.457 00407.594 00711.246 01262.793 00633.716 00647.259 00632.025 00621.265 00597.525 00578.430 00666.150 00477.112 00574.568 00582.120 00583.142 00581.538 00578.676 00582.366 00582.207 00580.750 00579.144 00577.428 00573.693 00571.479 00555.741 00606.853 00953.290 00445.753 00599.254 00463.486 00282.139 00393.867 00226.323 00251.702 00218.061 00256.050 00741.979 00270.877 00996.524 00184.844
01237.165 00488.090 00223.539 00304.265 00308.165 00311.316 01136.924 00571.763 00314.077 00314.892 00300.478 00277.670 00557.617 00166.182 00380.751 00471.589 00238.743 00293.380 00288.969 00634.797 00352.062 00389.831 00644.686 00787.694 00407.206 00610.941 00636.376 00636.362 00624.104 00606.142 00586.361 00577.915 00674.684 00572.859 00582.918 00591.785 00592.943 00588.803 00586.939 00589.911 00589.863 00588.187 00587.198 00583.884 00579.832 00577.184 00454.399 00762.325 00621.297 00316.207 00525.049 00360.026 00828.892 00317.782 00708.094 00273.180 00238.976 00205.925 00839.409 00218.639 00447.867 00302.118
00330.490 00674.891 00532.995 00334.099 00449.945 00307.071 00997.160 00424.604 00296.021 00405.398 00420.289 00535.028 00422.969 00303.316 00264.648 00155.617 00851.470 00285.958 00178.036 00640.667 00220.228 00220.303 00724.431 00537.773 00357.653 00605.865 00634.323 00631.380 00621.687 00599.431 00591.733 00581.933 00589.108 00578.677 00591.568 00598.353 00584.224 00595.592 00596.596 00597.746 00595.416 00594.564 00589.615 00227.422 00580.891 00434.632 00748.006 00367.247 00199.754 00512.659 00383.701 00261.253 00672.994 00160.167 00161.161 00220.380 00250.195 00220.129 00820.694 00259.919 00550.099 00196.009
00602.639 00485.347 00559.846 00260.739 00541.194 00318.249 00309.675 01065.597 00443.951 00280.592 00275.192 00578.323 00215.429 00633.205 00230.839 00340.511 00441.326 00356.187 00404.433 00674.115 00653.748 00367.786 00375.514 00551.539 00992.673 01222.801 00945.039 00540.317 00609.990 00605.059 00598.128 00583.845 00569.722 00584.290 00598.186 00602.468 00604.489 00588.924 00600.287 00602.374 00599.448 00239.876 00559.619 00313.961 00291.879 00323.887 00151.585 00450.339 00974.407 00215.141 00253.109 00225.095 00288.565 00164.592 00155.363 00223.370 00266.266 00223.774 00666.343 00210.986 00950.875 00174.926
01175.948 00306.512 00818.386 00327.672 00291.640 00272.679 00286.004 00274.323 00299.007 00395.167 00293.370 00363.129 00881.793 00226.039 00346.125 00160.144 00722.242 00520.622 00637.568 01190.420 00379.701 00196.710 01066.921 00775.472 00151.477 00367.341 00416.633 00429.831 00566.319 00609.290 00600.779 00586.440 00518.106 00336.496 00326.023 00613.201 00604.760 00298.440 00607.070 00607.687 00601.360 00284.153 00217.526 00381.544 00274.404 00385.849 00758.630 00290.414 00265.871 00264.179 00264.944 00183.582 00172.847 00176.027 00178.580 00240.147 00256.727 00243.681 00806.687 00736.197 00228.046 00243.947
00288.913 00594.463 00982.300 00705.607 00266.247 00307.532 00317.404 00304.271 00296.312 00330.164 00863.133 00294.307 00409.119 00519.006 00219.883 00178.706 00926.265 00654.789 01245.102 00375.736 00421.486 00514.017 01134.489 01011.159 00425.685 00566.114 00165.304 01142.651 00365.815 00883.181 00601.577 00591.660 00143.915 00751.780 00254.577 01294.061 00610.424 00148.194 00614.915 00440.772 00222.501 00588.105 00582.158 01013.814 01060.165 00235.761 00467.445 00261.629 00223.070 00263.808 00208.256 00165.454 00182.581 00208.997 00206.938 00179.147 00254.574 00263.979 00266.629 00209.546 00360.514 00169.588
00312.705 00286.551 00770.095 00311.139 00288.673 00319.047 00316.960 00314.083 00284.306 00865.927 00443.647 00578.234 00482.754 00290.319 00565.970 01207.056 00644.890 00996.812 00433.394 00569.019 00834.630 00235.043 01242.825 00946.217 00301.391 00304.656 00176.420 00173.407 00656.310 00330.314 00602.370 00590.665 00143.945 00216.945 00154.315 00532.911 00302.675 00465.963 00367.671 00613.860 00590.906 00382.668 00350.202 00530.888 00633.470 00172.776 00215.720 00290.069 00187.099 00188.338 00166.096 00237.258 00496.882 00206.000 00211.855 00172.860 01015.836 00256.340 00227.368 00224.788 00247.472 00904.008
00309.044 00409.512 00365.968 00303.563 00261.552 00318.651 00326.874 00306.982 00305.685 00424.468 00573.938 00584.044 00325.053 01109.348 00445.964 00640.601 00668.507 00616.241 01056.201 00499.531 00258.145 00599.741 00689.544 00497.745 00282.101 00748.764 00446.312 00169.670 00394.516 00217.052 00608.561 00589.905 00217.394 00156.214 00369.280 00481.605 00183.662 00172.878 00895.537 00619.897 00578.182 00563.959 00480.136 00435.609 00550.688 00520.471 00301.472 00587.249 00300.837 00563.123 00206.844 00155.383 00160.701 00196.838 00199.137 00215.556 00167.849 00383.854 00223.250 00227.602 00198.841 00610.336
00357.877 00791.357 00489.681 00518.174 00413.894 00270.566 00285.172 00729.220 00277.883 00564.653 00271.949 00278.722 00435.731 00595.104 00299.538 01260.975 00338.535 00596.898 00265.739 00479.776 00316.274 00262.701 01334.611 00626.534 00362.024 00398.495 01208.572 01062.393 00602.591 00386.976 00613.651 00531.118 00536.914 01305.988 01011.019 00878.469 00585.062 00203.927 00605.647 00441.832 00392.875 01042.657 00388.485 00479.301 00908.710 00609.646 00354.184 00310.840 00355.586 00647.275 00176.729 00212.688 00235.624 00176.660 00190.688 00193.417 00155.933 00194.185 00339.319 00232.389 00472.752 00226.463
00341.477 00560.949 00435.966 00321.172 00274.143 00304.301 00318.306 00309.772 00153.352 00739.358 00272.647 00320.845 00606.373 00804.706 01363.097 00460.619 00592.330 00612.984 00949.128 00470.269 00362.351 00624.139 00937.402 00336.861 00627.194 00230.620 00417.953 00278.938 00250.391 00374.101 00153.363 00155.303 01227.414 00639.298 00285.812 00422.935 00658.572 00292.827 00150.937 00486.694 00438.051 00405.851 00579.048 00200.937 00578.325 00263.955 00177.265 00479.270 00608.791 00654.348 00255.041 00156.219 00556.907 00205.789 00454.866 00160.017 00170.306 00162.083 00491.746 00227.873 00241.574 00202.150
00435.749 00510.690 00526.836 00445.743 00155.415 00219.373 00316.215 00304.269 00210.264 00419.105 00274.557 00578.937 00603.138 00468.092 00325.777 00216.187 00376.304 01162.571 00638.134 00639.570 00167.826 00355.635 00666.639 00535.376 00624.178 00543.109 00178.394 00321.849 00152.264 00152.405 00244.887 00152.878 00275.520 00627.235 00174.819 00865.041 00450.769 00725.430 00187.483 00245.163 00150.725 00305.760 00563.462 00564.807 00226.975 00155.603 00158.953 00358.991 00638.428 00577.549 00613.310 00211.592 00154.928 00208.407 00195.364 00208.968 00159.195 00469.060 00224.333 00265.896 00267.901 00166.265
00619.804 00618.941 00503.744 00308.256 00276.309 00275.959 00289.093 00205.165 00300.138 00984.573 00327.683 00583.254 00604.965 00222.433 00334.264 00222.951 00238.809 00638.312 00634.558 00650.974 00639.789 00471.494 00228.883 00630.997 00270.525 00155.327 00220.516 00677.059 00560.276 00493.595 00618.996 00633.385 00636.899 00642.981 00644.477 00639.753 00995.137 00555.268 01314.314 01269.382 00245.844 01035.724 00571.983 00248.594 00186.616 00266.164 00239.135 00150.458 00154.703 00647.862 00154.194 00182.316 00167.003 00175.018 00217.406 00169.520 00232.582 00251.863 00251.494 00330.970 00518.288 00608.577
00620.070 00619.593 00605.445 00824.038 00820.978 00198.728 00181.026 00429.999 00304.222 00413.848 00998.444 00585.845 00603.607 00482.353 00300.931 00641.235 00551.948 00635.474 00625.101 00633.163 00635.840 00151.903 00547.682 00617.553 00394.209 00210.642 00530.023 00186.772 00186.086 00778.451 00534.841 00182.297 00302.262 00635.502 00391.652 00638.528 00699.986 00576.298 00632.351 00163.894 00647.701 00246.316 00439.590 01044.186 00369.051 00586.863 00713.036 00449.616 00157.451 00466.000 00175.164 00293.855 00193.502 00156.922 00157.616 00170.488 00217.835 00214.046 00210.423 00441.849 00259.810 00639.503
00980.599 00607.887 00563.813 00279.227 00269.008 00198.774 00404.647 00731.788 00796.506 00587.952 00776.758 00587.103 00596.236 00356.918 00219.325 01373.225 00751.110 00636.822 00629.763 00619.300 00625.142 00629.183 00630.765 00633.523 00609.300 00479.656 00187.941 00366.650 00376.703 00394.022 00464.913 00204.602 00865.432 01052.920 00881.342 00480.241 00638.567 00643.300 00694.477 00600.720 00515.791 00776.763 00237.601 00333.036 00604.769 00586.748 00254.851 00437.219 00422.032 00174.679 00219.879 00247.094 00261.957 00431.943 00510.024 00569.635 00327.778 00395.515 00211.324 00252.442 00143.704 00809.326
00282.871 00273.325 00151.714 00150.956 00217.592 00148.454 00151.868 01307.170 00207.439 01167.697 00212.756 00587.688 00603.852 00609.815 00188.103 00587.864 00588.173 00153.413 00631.278 00634.882 00246.001 00252.353 00527.602 00709.642 00439.589 00216.887 00422.341 00457.318 00268.060 00538.097 00597.072 00540.882 00280.540 00441.832 00248.674 00754.291 00637.022 00613.163 00637.403 00645.036 00243.159 00340.415 00509.138 00497.345 00605.711 00143.373 00165.300 00213.591 00393.638 00169.655 00175.165 00344.814 00362.017 00300.363 00466.180 01018.415 00256.707 00220.359 00412.527 00233.502 00567.001 00971.610
00442.057 00325.494 00152.384 00211.884 00345.479 00148.635 00152.268 01092.158 00191.035 00332.678 00565.727 00166.882 00538.237 00602.953 00154.453 00153.996 00205.082 00202.564 00152.566 00377.756 00711.890 00383.777 00152.507 00438.324 00391.223 00536.823 00270.618 00859.696 00208.075 00551.825 00545.021 00585.926 00254.334 00421.051 00205.877 00516.933 00485.145 00610.078 00311.207 00637.910 00645.837 00493.786 00281.584 00157.478 00603.084 00236.398 00153.941 00524.375 00328.399 00339.270 00212.005 00498.359 00297.892 00266.746 00838.308 00579.031 00326.615 00437.782 00338.795 00547.532 00455.826 00173.929
00601.000 00211.047 00151.198 00298.009 00540.504 00577.654 00145.746 00158.135 00744.543 00533.549 00602.090 00607.221 00150.134 01336.748 00365.354 00630.966 00632.060 00633.177 00384.467 00179.138 00513.876 00192.153 00220.461 00331.417 00558.247 00253.925 00466.535 00192.754 00587.851 00591.517 00546.118 00593.972 00595.056 00589.347 00534.621 00259.237 00422.952 00201.288 00818.698 00315.768 00639.936 00617.583 00454.467 01124.804 00381.669 00153.519 00151.135 00598.992 00161.250 00159.225 00513.984 00257.353 00626.849 00464.687 00303.279 00296.851 00587.987 00598.565 00262.725 00560.750 00148.659 00155.760
